---
program: perturbo

start date and time:
   date: 11 August 2023
   time: "15:23: 0"

parallelization:
   type: MPI+OpenMP
   number of MPI tasks:   8
   number of OpenMP threads:   8
   number of nodes:   1

input parameters:
   after conversion:
      band_max:                  10
      band_min:                   9
      boltz_acc_thr:           0.0000000000000000E+00
      boltz_de:           7.3498617648950546E-05
      boltz_efield:          [ 0.0000000000000000E+00,   0.0000000000000000E+00,   0.0000000000000000E+00,  ]
      boltz_emax:           7.3498617648950548E-01
      boltz_emin:           6.9823686766503024E-01
      boltz_init_dist:          
      boltz_init_e0:          -7.3491267787185654E+02
      boltz_init_smear:           1.4699723529790110E-03
      boltz_kdim:          [        80,          80,          80,  ]
      boltz_norm_dist:          False
      boltz_nstep:                  50
      boltz_nstep_min:                   1
      boltz_qdim:          [        80,          80,          80,  ]
      calc_mode:          trans-ita
      cauchy_scale:           5.0000000745058060E-02
      debug:          False
      delta_smear:           5.8798894119160437E-04
      fklist:          
      fqlist:          
      ftemper:          gaas.temper
      full_ite:          True 
      hole:          False
      load_scatter_eph:          False
      nsamples:              100000
      output_nstep:                   1
      output_yaml:          True 
      phfreq_cutoff:           1.4699723529790109E-04
      polar_split:          
      prefix:          gaas
      sampling:          uniform
      solver:          rk4
      time_step:           2.0670686467503085E+01
      tmp_dir:          ./tmp/
      trans_thr:           2.0000000000000000E-03
      yaml_fname:          pert_output.yml


basic data:
   alat:          10.5700000000
   alat units:       bohr
   # a vector is a row
   lattice vectors:
         - [  -0.50000,     0.00000,     0.50000,  ]
         - [   0.00000,     0.50000,     0.50000,  ]
         - [  -0.50000,     0.50000,     0.00000,  ]
   lattice vectors units:       alat
   reciprocal lattice vectors:
   # a vector is a row
         - [  -1.00000,    -1.00000,     1.00000,  ]
         - [   1.00000,     1.00000,     1.00000,  ]
         - [  -1.00000,     1.00000,    -1.00000,  ]
   reciprocal lattice vectors units:       2pi/alat
   number of atoms in unit cell:                2
   atomic positions:
   # a vector is a row
         - [   0.25000,     0.25000,     0.25000,  ]
         - [   0.00000,     0.00000,     0.00000,  ]
   atomic positions units:       alat
   volume:         295.2330482500
   volume units:       bohr^3
   number of symmetry operations:               24
   symop:
      1:
         - [    1,      0,      0,  ]
         - [    0,      1,      0,  ]
         - [    0,      0,      1,  ]
      2:
         - [    0,      1,      0,  ]
         - [    1,      0,      0,  ]
         - [   -1,     -1,     -1,  ]
      3:
         - [   -1,     -1,     -1,  ]
         - [    0,      0,      1,  ]
         - [    0,      1,      0,  ]
      4:
         - [    0,      0,      1,  ]
         - [   -1,     -1,     -1,  ]
         - [    1,      0,      0,  ]
      5:
         - [   -1,     -1,     -1,  ]
         - [    0,      1,      0,  ]
         - [    1,      0,      0,  ]
      6:
         - [    0,      0,      1,  ]
         - [    1,      0,      0,  ]
         - [    0,      1,      0,  ]
      7:
         - [    1,      0,      0,  ]
         - [    0,      0,      1,  ]
         - [   -1,     -1,     -1,  ]
      8:
         - [    0,      1,      0,  ]
         - [   -1,     -1,     -1,  ]
         - [    0,      0,      1,  ]
      9:
         - [    0,      0,      1,  ]
         - [    0,      1,      0,  ]
         - [   -1,     -1,     -1,  ]
      10:
         - [   -1,     -1,     -1,  ]
         - [    1,      0,      0,  ]
         - [    0,      0,      1,  ]
      11:
         - [    0,      1,      0,  ]
         - [    0,      0,      1,  ]
         - [    1,      0,      0,  ]
      12:
         - [    1,      0,      0,  ]
         - [   -1,     -1,     -1,  ]
         - [    0,      1,      0,  ]
      13:
         - [    0,      1,      0,  ]
         - [    1,      0,      0,  ]
         - [    0,      0,      1,  ]
      14:
         - [    1,      0,      0,  ]
         - [    0,      1,      0,  ]
         - [   -1,     -1,     -1,  ]
      15:
         - [    0,      0,      1,  ]
         - [   -1,     -1,     -1,  ]
         - [    0,      1,      0,  ]
      16:
         - [   -1,     -1,     -1,  ]
         - [    0,      0,      1,  ]
         - [    1,      0,      0,  ]
      17:
         - [    1,      0,      0,  ]
         - [    0,      0,      1,  ]
         - [    0,      1,      0,  ]
      18:
         - [   -1,     -1,     -1,  ]
         - [    0,      1,      0,  ]
         - [    0,      0,      1,  ]
      19:
         - [    0,      1,      0,  ]
         - [   -1,     -1,     -1,  ]
         - [    1,      0,      0,  ]
      20:
         - [    0,      0,      1,  ]
         - [    1,      0,      0,  ]
         - [   -1,     -1,     -1,  ]
      21:
         - [    1,      0,      0,  ]
         - [   -1,     -1,     -1,  ]
         - [    0,      0,      1,  ]
      22:
         - [    0,      0,      1,  ]
         - [    0,      1,      0,  ]
         - [    1,      0,      0,  ]
      23:
         - [    0,      1,      0,  ]
         - [    0,      0,      1,  ]
         - [   -1,     -1,     -1,  ]
      24:
         - [   -1,     -1,     -1,  ]
         - [    1,      0,      0,  ]
         - [    0,      1,      0,  ]
   kc dimensions:
         - [      2,        2,        2,  ]
   spinor:       True 
   polar_alpha:           1.0000000000
   epsil:
   # a vector is a row
         - [     59.47522708,       -0.00000000,        0.00000000,  ]
         - [     -0.00000000,       59.47522708,       -0.00000000,  ]
         - [      0.00000000,       -0.00000000,       59.47522708,  ]
   qc dimensions:
         - [      2,        2,        2,  ]
   mass:
      -       68287.22558219
      -       63548.62696226
   mass units:       atomic
   zstar:
      1:
         - [  -2.45173,    -0.00000,     0.00000,  ]
         - [  -0.00000,    -2.45173,    -0.00000,  ]
         - [  -0.00000,    -0.00000,    -2.45173,  ]
      2:
         - [   2.45173,     0.00000,    -0.00000,  ]
         - [  -0.00000,     2.45173,     0.00000,  ]
         - [  -0.00000,     0.00000,     2.45173,  ]
   system_2d:       False
   number of Wannier functions:               16
   wannier_center:
   # a vector is a row
         - [   0.31925,     0.31925,     0.31925,  ]
         - [   0.31925,     0.31925,     0.31925,  ]
         - [   0.31925,     0.18075,     0.18075,  ]
         - [   0.31925,     0.18075,     0.18075,  ]
         - [   0.18075,     0.31925,     0.18075,  ]
         - [   0.18075,     0.31925,     0.18075,  ]
         - [   0.18075,     0.18075,     0.31925,  ]
         - [   0.18075,     0.18075,     0.31925,  ]
         - [   0.04586,     0.04586,     0.04586,  ]
         - [   0.04586,     0.04586,     0.04586,  ]
         - [   0.04586,    -0.04586,    -0.04586,  ]
         - [   0.04586,    -0.04586,    -0.04586,  ]
         - [  -0.04586,     0.04586,    -0.04586,  ]
         - [  -0.04586,     0.04586,    -0.04586,  ]
         - [  -0.04586,    -0.04586,     0.04586,  ]
         - [  -0.04586,    -0.04586,     0.04586,  ]
   wannier_center units: cartesian
   wannier_center_cryst:
   # a vector is a row
         - [  -0.31925,     0.95776,    -0.31925,  ]
         - [  -0.31925,     0.95776,    -0.31925,  ]
         - [  -0.31925,     0.68075,    -0.31925,  ]
         - [  -0.31925,     0.68075,    -0.31925,  ]
         - [  -0.31925,     0.68075,    -0.04224,  ]
         - [  -0.31925,     0.68075,    -0.04224,  ]
         - [  -0.04224,     0.68075,    -0.31925,  ]
         - [  -0.04224,     0.68075,    -0.31925,  ]
         - [  -0.04586,     0.13759,    -0.04586,  ]
         - [  -0.04586,     0.13759,    -0.04586,  ]
         - [  -0.04586,    -0.04586,    -0.04586,  ]
         - [  -0.04586,    -0.04586,    -0.04586,  ]
         - [  -0.04586,    -0.04586,     0.13759,  ]
         - [  -0.04586,    -0.04586,     0.13759,  ]
         - [   0.13759,    -0.04586,    -0.04586,  ]
         - [   0.13759,    -0.04586,    -0.04586,  ]
   wannier_center_cryst units: crystal

grid:
   number of  tetrahedra selected:       2184
   number of reducible k-points:        531
   number of irreducible k-points:         43


scatter parallelization:

   MPI task index:

      1:
         number of q-points:            1510
         number of (k,q) pairs:            6642

      2:
         number of q-points:            1553
         number of (k,q) pairs:            6692

      3:
         number of q-points:            1581
         number of (k,q) pairs:            6809

      4:
         number of q-points:            1558
         number of (k,q) pairs:            7228

      5:
         number of q-points:            1617
         number of (k,q) pairs:            7139

      6:
         number of q-points:            1603
         number of (k,q) pairs:            7823

      7:
         number of q-points:            1631
         number of (k,q) pairs:            8098

      8:
         number of q-points:            1609
         number of (k,q) pairs:            7441

trans:

   temperature units: K

   chemical potential units: eV

   concentration units: cm-3

   conductivity units: 1/Ohm/m

   mobility units: cm2/V/s

   Seebeck coefficient units: mV/K

   # Electronic contribution
   # Not well tested, use with caution
   thermal conductivity units: W/m/K

   # Configuration means one line in the temper file:
   # temperature efermi concentration
   number of configurations:   2

   configuration index:

      1:

         temperature: 100.00000

         chemical potential:   9.8000000000

         concentration:  0.1492173E+19

         conductivity:

            components:
               xx:   0.55074995E+08
               xy:   0.95724708E+05
               yy:   0.55074872E+08
               xz:   0.94513194E+05
               yz:   0.94387961E+05
               zz:   0.55075078E+08
               yx:   0.95724708E+05
               zx:   0.94513194E+05
               zy:   0.94387961E+05


            tensor:
               - [    0.55074995E+08,    0.95724708E+05,    0.94513194E+05,  ]
               - [    0.95724708E+05,    0.55074872E+08,    0.94387961E+05,  ]
               - [    0.94513194E+05,    0.94387961E+05,    0.55075078E+08,  ]

         mobility:

            components:
               xx:   0.23036938E+07
               xy:   0.40040025E+04
               yy:   0.23036887E+07
               xz:   0.39533269E+04
               yz:   0.39480886E+04
               zz:   0.23036973E+07
               yx:   0.40040025E+04
               zx:   0.39533269E+04
               zy:   0.39480886E+04


            tensor:
               - [    0.23036938E+07,    0.40040025E+04,    0.39533269E+04,  ]
               - [    0.40040025E+04,    0.23036887E+07,    0.39480886E+04,  ]
               - [    0.39533269E+04,    0.39480886E+04,    0.23036973E+07,  ]

         Seebeck coefficient:

            components:
               xx:   0.28349673E+00
               xy:  -0.47974203E-03
               yy:   0.28349066E+00
               xz:  -0.46982809E-03
               yz:  -0.46813604E-03
               zz:   0.28349678E+00
               yx:  -0.47974203E-03
               zx:  -0.46982809E-03
               zy:  -0.46813604E-03


            tensor:
               - [    0.28349673E+00,   -0.47974203E-03,   -0.46982809E-03,  ]
               - [   -0.47974203E-03,    0.28349066E+00,   -0.46813604E-03,  ]
               - [   -0.46982809E-03,   -0.46813604E-03,    0.28349678E+00,  ]

            # Thermal conductivity: not well tested, use with caution

         thermal conductivity:

            components:
               xx:   0.76493622E+02
               xy:   0.25226357E+00
               yy:   0.76501840E+02
               xz:   0.24879033E+00
               yz:   0.24299422E+00
               zz:   0.76493607E+02
               yx:   0.25226357E+00
               zx:   0.24879033E+00
               zy:   0.24299422E+00


            tensor:
               - [    0.76493622E+02,    0.25226357E+00,    0.24879033E+00,  ]
               - [    0.25226357E+00,    0.76501840E+02,    0.24299422E+00,  ]
               - [    0.24879033E+00,    0.24299422E+00,    0.76493607E+02,  ]

         number of iterations:    5

         iteration:

            1:

               conductivity:

                  components:
                     xx:   0.48144578E+08
                     xy:   0.29102682E+05
                     yy:   0.48144866E+08
                     xz:   0.28829807E+05
                     yz:   0.28600112E+05
                     zz:   0.48145209E+08
                     yx:   0.29102682E+05
                     zx:   0.28829807E+05
                     zy:   0.28600112E+05


                  tensor:
                     - [    0.48144578E+08,    0.29102682E+05,    0.28829807E+05,  ]
                     - [    0.29102682E+05,    0.48144866E+08,    0.28600112E+05,  ]
                     - [    0.28829807E+05,    0.28600112E+05,    0.48145209E+08,  ]

            2:

               conductivity:

                  components:
                     xx:   0.53582039E+08
                     xy:   0.62258196E+05
                     yy:   0.53582350E+08
                     xz:   0.60910983E+05
                     yz:   0.61111355E+05
                     zz:   0.53582189E+08
                     yx:   0.62258196E+05
                     zx:   0.60910983E+05
                     zy:   0.61111355E+05


                  tensor:
                     - [    0.53582039E+08,    0.62258196E+05,    0.60910983E+05,  ]
                     - [    0.62258196E+05,    0.53582350E+08,    0.61111355E+05,  ]
                     - [    0.60910983E+05,    0.61111355E+05,    0.53582189E+08,  ]

            3:

               conductivity:

                  components:
                     xx:   0.54316729E+08
                     xy:   0.83457564E+05
                     yy:   0.54317266E+08
                     xz:   0.82722676E+05
                     yz:   0.82102941E+05
                     zz:   0.54316953E+08
                     yx:   0.83457564E+05
                     zx:   0.82722676E+05
                     zy:   0.82102941E+05


                  tensor:
                     - [    0.54316729E+08,    0.83457564E+05,    0.82722676E+05,  ]
                     - [    0.83457564E+05,    0.54317266E+08,    0.82102941E+05,  ]
                     - [    0.82722676E+05,    0.82102941E+05,    0.54316953E+08,  ]

            4:

               conductivity:

                  components:
                     xx:   0.55099839E+08
                     xy:   0.90174100E+05
                     yy:   0.55099602E+08
                     xz:   0.88894522E+05
                     yz:   0.88980531E+05
                     zz:   0.55099870E+08
                     yx:   0.90174100E+05
                     zx:   0.88894522E+05
                     zy:   0.88980531E+05


                  tensor:
                     - [    0.55099839E+08,    0.90174100E+05,    0.88894522E+05,  ]
                     - [    0.90174100E+05,    0.55099602E+08,    0.88980531E+05,  ]
                     - [    0.88894522E+05,    0.88980531E+05,    0.55099870E+08,  ]

            5:

               conductivity:

                  components:
                     xx:   0.55074995E+08
                     xy:   0.95724708E+05
                     yy:   0.55074872E+08
                     xz:   0.94513194E+05
                     yz:   0.94387961E+05
                     zz:   0.55075078E+08
                     yx:   0.95724708E+05
                     zx:   0.94513194E+05
                     zy:   0.94387961E+05


                  tensor:
                     - [    0.55074995E+08,    0.95724708E+05,    0.94513194E+05,  ]
                     - [    0.95724708E+05,    0.55074872E+08,    0.94387961E+05,  ]
                     - [    0.94513194E+05,    0.94387961E+05,    0.55075078E+08,  ]

      2:

         temperature: 300.00000

         chemical potential:   9.8000000000

         concentration:  0.1902822E+19

         conductivity:

            components:
               xx:   0.54399175E+07
               xy:   0.84554114E+04
               yy:   0.54403109E+07
               xz:   0.84481068E+04
               yz:   0.83446453E+04
               zz:   0.54398401E+07
               yx:   0.84554114E+04
               zx:   0.84481068E+04
               zy:   0.83446453E+04


            tensor:
               - [    0.54399175E+07,    0.84554114E+04,    0.84481068E+04,  ]
               - [    0.84554114E+04,    0.54403109E+07,    0.83446453E+04,  ]
               - [    0.84481068E+04,    0.83446453E+04,    0.54398401E+07,  ]

         mobility:

            components:
               xx:   0.17843644E+06
               xy:   0.27734861E+03
               yy:   0.17844935E+06
               xz:   0.27710901E+03
               yz:   0.27371533E+03
               zz:   0.17843390E+06
               yx:   0.27734861E+03
               zx:   0.27710901E+03
               zy:   0.27371533E+03


            tensor:
               - [    0.17843644E+06,    0.27734861E+03,    0.27710901E+03,  ]
               - [    0.27734861E+03,    0.17844935E+06,    0.27371533E+03,  ]
               - [    0.27710901E+03,    0.27371533E+03,    0.17843390E+06,  ]

         Seebeck coefficient:

            components:
               xx:  -0.31312988E-01
               xy:  -0.13378504E-03
               yy:  -0.31317394E-01
               xz:  -0.13264228E-03
               yz:  -0.13165040E-03
               zz:  -0.31308180E-01
               yx:  -0.13378504E-03
               zx:  -0.13264228E-03
               zy:  -0.13165040E-03


            tensor:
               - [   -0.31312988E-01,   -0.13378504E-03,   -0.13264228E-03,  ]
               - [   -0.13378504E-03,   -0.31317394E-01,   -0.13165040E-03,  ]
               - [   -0.13264228E-03,   -0.13165040E-03,   -0.31308180E-01,  ]

            # Thermal conductivity: not well tested, use with caution

         thermal conductivity:

            components:
               xx:   0.34554904E+02
               xy:   0.53476629E-01
               yy:   0.34555208E+02
               xz:   0.52943966E-01
               yz:   0.53523140E-01
               zz:   0.34552807E+02
               yx:   0.53476629E-01
               zx:   0.52943966E-01
               zy:   0.53523140E-01


            tensor:
               - [    0.34554904E+02,    0.53476629E-01,    0.52943966E-01,  ]
               - [    0.53476629E-01,    0.34555208E+02,    0.53523140E-01,  ]
               - [    0.52943966E-01,    0.53523140E-01,    0.34552807E+02,  ]

         number of iterations:    7

         iteration:

            1:

               conductivity:

                  components:
                     xx:   0.42494404E+07
                     xy:   0.23350987E+04
                     yy:   0.42494951E+07
                     xz:   0.23192289E+04
                     yz:   0.22788656E+04
                     zz:   0.42493433E+07
                     yx:   0.23350987E+04
                     zx:   0.23192289E+04
                     zy:   0.22788656E+04


                  tensor:
                     - [    0.42494404E+07,    0.23350987E+04,    0.23192289E+04,  ]
                     - [    0.23350987E+04,    0.42494951E+07,    0.22788656E+04,  ]
                     - [    0.23192289E+04,    0.22788656E+04,    0.42493433E+07,  ]

            2:

               conductivity:

                  components:
                     xx:   0.49140483E+07
                     xy:   0.50432237E+04
                     yy:   0.49144094E+07
                     xz:   0.50798435E+04
                     yz:   0.49448762E+04
                     zz:   0.49139734E+07
                     yx:   0.50432237E+04
                     zx:   0.50798435E+04
                     zy:   0.49448762E+04


                  tensor:
                     - [    0.49140483E+07,    0.50432237E+04,    0.50798435E+04,  ]
                     - [    0.50432237E+04,    0.49144094E+07,    0.49448762E+04,  ]
                     - [    0.50798435E+04,    0.49448762E+04,    0.49139734E+07,  ]

            3:

               conductivity:

                  components:
                     xx:   0.52555146E+07
                     xy:   0.66406041E+04
                     yy:   0.52559021E+07
                     xz:   0.66975648E+04
                     yz:   0.65504289E+04
                     zz:   0.52554287E+07
                     yx:   0.66406041E+04
                     zx:   0.66975648E+04
                     zy:   0.65504289E+04


                  tensor:
                     - [    0.52555146E+07,    0.66406041E+04,    0.66975648E+04,  ]
                     - [    0.66406041E+04,    0.52559021E+07,    0.65504289E+04,  ]
                     - [    0.66975648E+04,    0.65504289E+04,    0.52554287E+07,  ]

            4:

               conductivity:

                  components:
                     xx:   0.53583177E+07
                     xy:   0.75864751E+04
                     yy:   0.53587359E+07
                     xz:   0.76239488E+04
                     yz:   0.74874235E+04
                     zz:   0.53582438E+07
                     yx:   0.75864751E+04
                     zx:   0.76239488E+04
                     zy:   0.74874235E+04


                  tensor:
                     - [    0.53583177E+07,    0.75864751E+04,    0.76239488E+04,  ]
                     - [    0.75864751E+04,    0.53587359E+07,    0.74874235E+04,  ]
                     - [    0.76239488E+04,    0.74874235E+04,    0.53582438E+07,  ]

            5:

               conductivity:

                  components:
                     xx:   0.54146983E+07
                     xy:   0.80820841E+04
                     yy:   0.54150964E+07
                     xz:   0.80910945E+04
                     yz:   0.79765482E+04
                     zz:   0.54146218E+07
                     yx:   0.80820841E+04
                     zx:   0.80910945E+04
                     zy:   0.79765482E+04


                  tensor:
                     - [    0.54146983E+07,    0.80820841E+04,    0.80910945E+04,  ]
                     - [    0.80820841E+04,    0.54150964E+07,    0.79765482E+04,  ]
                     - [    0.80910945E+04,    0.79765482E+04,    0.54146218E+07,  ]

            6:

               conductivity:

                  components:
                     xx:   0.54303433E+07
                     xy:   0.83219710E+04
                     yy:   0.54307452E+07
                     xz:   0.83225572E+04
                     yz:   0.82132473E+04
                     zz:   0.54302675E+07
                     yx:   0.83219710E+04
                     zx:   0.83225572E+04
                     zy:   0.82132473E+04


                  tensor:
                     - [    0.54303433E+07,    0.83219710E+04,    0.83225572E+04,  ]
                     - [    0.83219710E+04,    0.54307452E+07,    0.82132473E+04,  ]
                     - [    0.83225572E+04,    0.82132473E+04,    0.54302675E+07,  ]

            7:

               conductivity:

                  components:
                     xx:   0.54399175E+07
                     xy:   0.84554114E+04
                     yy:   0.54403109E+07
                     xz:   0.84481068E+04
                     yz:   0.83446453E+04
                     zz:   0.54398401E+07
                     yx:   0.84554114E+04
                     zx:   0.84481068E+04
                     zy:   0.83446453E+04


                  tensor:
                     - [    0.54399175E+07,    0.84554114E+04,    0.84481068E+04,  ]
                     - [    0.84554114E+04,    0.54403109E+07,    0.83446453E+04,  ]
                     - [    0.84481068E+04,    0.83446453E+04,    0.54398401E+07,  ]

timings:

   time units: s

   PERTURBO:
      cpu:         5.41938400
      wall:        0.77614307
      calls:         1

   scat_setup:
      cpu:         4.16709100
      wall:        0.55001402
      calls:         1

   set_kq_pair:
      cpu:         0.93080000
      wall:        0.11659193
      calls:         1

   init_eph_wan:
      cpu:         0.98083500
      wall:        0.14024997
      calls:         1

   compute_g2:
      cpu:         1.90283500
      wall:        0.24389291
      calls:         1

   load_eph_g2:
      cpu:         0.33289400
      wall:        0.04669404
      calls:         1
...
