---
program: perturbo

start date and time:
   date:  8 May 2023
   time: " 6: 4:35"

parallelization:
   type: MPI+OpenMP
   number of MPI tasks:   1
   number of OpenMP threads:  64
   number of nodes:   1

input parameters:
   after conversion:
      band_max:                  10
      band_min:                   9
      boltz_acc_thr:           0.0000000000000000E+00
      boltz_de:           7.3498617648950546E-05
      boltz_efield:          [ 0.0000000000000000E+00,   0.0000000000000000E+00,   0.0000000000000000E+00,  ]
      boltz_emax:           7.3498617648950548E-01
      boltz_emin:           6.9823686766503024E-01
      boltz_init_dist:          
      boltz_init_e0:          -7.3491267787185654E+02
      boltz_init_smear:           1.4699723529790110E-03
      boltz_kdim:          [        80,          80,          80,  ]
      boltz_norm_dist:          False
      boltz_nstep:                  50
      boltz_nstep_min:                   1
      boltz_qdim:          [        80,          80,          80,  ]
      calc_mode:          trans-pp
      cauchy_scale:           5.0000000745058060E-02
      debug:          False
      delta_smear:           5.8798894119160437E-04
      fklist:          
      fqlist:          
      ftemper:          gaas.temper
      full_ite:          True 
      hole:          False
      load_scatter_eph:          False
      nsamples:              100000
      output_nstep:                   1
      output_yaml:          True 
      phfreq_cutoff:           1.4699723529790109E-04
      polar_split:          
      prefix:          gaas
      sampling:          uniform
      solver:          rk4
      time_step:           2.0670686467503085E+01
      tmp_dir:          ./
      trans_thr:           2.0000000000000000E-03
      yaml_fname:          pert_output.yml


basic data:
   alat:          10.5700000000
   alat units:       bohr
   # a vector is a row
   lattice vectors:
         - [  -0.50000,     0.00000,     0.50000,  ]
         - [   0.00000,     0.50000,     0.50000,  ]
         - [  -0.50000,     0.50000,     0.00000,  ]
   lattice vectors units:       alat
   reciprocal lattice vectors:
   # a vector is a row
         - [  -1.00000,    -1.00000,     1.00000,  ]
         - [   1.00000,     1.00000,     1.00000,  ]
         - [  -1.00000,     1.00000,    -1.00000,  ]
   reciprocal lattice vectors units:       2pi/alat
   number of atoms in unit cell:                2
   atomic positions:
   # a vector is a row
         - [   0.25000,     0.25000,     0.25000,  ]
         - [   0.00000,     0.00000,     0.00000,  ]
   atomic positions units:       alat
   volume:         295.2330482500
   volume units:       bohr^3
   number of symmetry operations:               24
   symop:
      1:
         - [    1,      0,      0,  ]
         - [    0,      1,      0,  ]
         - [    0,      0,      1,  ]
      2:
         - [    0,      1,      0,  ]
         - [    1,      0,      0,  ]
         - [   -1,     -1,     -1,  ]
      3:
         - [   -1,     -1,     -1,  ]
         - [    0,      0,      1,  ]
         - [    0,      1,      0,  ]
      4:
         - [    0,      0,      1,  ]
         - [   -1,     -1,     -1,  ]
         - [    1,      0,      0,  ]
      5:
         - [   -1,     -1,     -1,  ]
         - [    0,      1,      0,  ]
         - [    1,      0,      0,  ]
      6:
         - [    0,      0,      1,  ]
         - [    1,      0,      0,  ]
         - [    0,      1,      0,  ]
      7:
         - [    1,      0,      0,  ]
         - [    0,      0,      1,  ]
         - [   -1,     -1,     -1,  ]
      8:
         - [    0,      1,      0,  ]
         - [   -1,     -1,     -1,  ]
         - [    0,      0,      1,  ]
      9:
         - [    0,      0,      1,  ]
         - [    0,      1,      0,  ]
         - [   -1,     -1,     -1,  ]
      10:
         - [   -1,     -1,     -1,  ]
         - [    1,      0,      0,  ]
         - [    0,      0,      1,  ]
      11:
         - [    0,      1,      0,  ]
         - [    0,      0,      1,  ]
         - [    1,      0,      0,  ]
      12:
         - [    1,      0,      0,  ]
         - [   -1,     -1,     -1,  ]
         - [    0,      1,      0,  ]
      13:
         - [    0,      1,      0,  ]
         - [    1,      0,      0,  ]
         - [    0,      0,      1,  ]
      14:
         - [    1,      0,      0,  ]
         - [    0,      1,      0,  ]
         - [   -1,     -1,     -1,  ]
      15:
         - [    0,      0,      1,  ]
         - [   -1,     -1,     -1,  ]
         - [    0,      1,      0,  ]
      16:
         - [   -1,     -1,     -1,  ]
         - [    0,      0,      1,  ]
         - [    1,      0,      0,  ]
      17:
         - [    1,      0,      0,  ]
         - [    0,      0,      1,  ]
         - [    0,      1,      0,  ]
      18:
         - [   -1,     -1,     -1,  ]
         - [    0,      1,      0,  ]
         - [    0,      0,      1,  ]
      19:
         - [    0,      1,      0,  ]
         - [   -1,     -1,     -1,  ]
         - [    1,      0,      0,  ]
      20:
         - [    0,      0,      1,  ]
         - [    1,      0,      0,  ]
         - [   -1,     -1,     -1,  ]
      21:
         - [    1,      0,      0,  ]
         - [   -1,     -1,     -1,  ]
         - [    0,      0,      1,  ]
      22:
         - [    0,      0,      1,  ]
         - [    0,      1,      0,  ]
         - [    1,      0,      0,  ]
      23:
         - [    0,      1,      0,  ]
         - [    0,      0,      1,  ]
         - [   -1,     -1,     -1,  ]
      24:
         - [   -1,     -1,     -1,  ]
         - [    1,      0,      0,  ]
         - [    0,      1,      0,  ]
   kc dimensions:
         - [      2,        2,        2,  ]
   spinor:       True 
   polar_alpha:           1.0000000000
   epsil:
   # a vector is a row
         - [     59.47522865,       -0.00000000,       -0.00000000,  ]
         - [     -0.00000000,       59.47522865,        0.00000000,  ]
         - [     -0.00000000,        0.00000000,       59.47522865,  ]
   qc dimensions:
         - [      2,        2,        2,  ]
   mass:
      -       68287.22550903
      -       63548.62689419
   mass units:       atomic
   zstar:
      1:
         - [  -2.45173,    -0.00000,     0.00000,  ]
         - [  -0.00000,    -2.45173,     0.00000,  ]
         - [   0.00000,     0.00000,    -2.45173,  ]
      2:
         - [   2.45173,     0.00000,    -0.00000,  ]
         - [   0.00000,     2.45173,    -0.00000,  ]
         - [  -0.00000,    -0.00000,     2.45173,  ]
   system_2d:       False
   number of Wannier functions:               16
   wannier_center:
   # a vector is a row
         - [   0.31929,     0.31929,     0.31929,  ]
         - [   0.31929,     0.31929,     0.31929,  ]
         - [   0.31929,     0.18071,     0.18071,  ]
         - [   0.31929,     0.18071,     0.18071,  ]
         - [   0.18071,     0.31929,     0.18071,  ]
         - [   0.18071,     0.31929,     0.18071,  ]
         - [   0.18071,     0.18071,     0.31929,  ]
         - [   0.18071,     0.18071,     0.31929,  ]
         - [   0.04592,     0.04592,     0.04592,  ]
         - [   0.04592,     0.04592,     0.04592,  ]
         - [   0.04592,    -0.04592,    -0.04592,  ]
         - [   0.04592,    -0.04592,    -0.04592,  ]
         - [  -0.04592,     0.04592,    -0.04592,  ]
         - [  -0.04592,     0.04592,    -0.04592,  ]
         - [  -0.04592,    -0.04592,     0.04592,  ]
         - [  -0.04592,    -0.04592,     0.04592,  ]
   wannier_center units: cartesian
   wannier_center_cryst:
   # a vector is a row
         - [  -0.31929,     0.95788,    -0.31929,  ]
         - [  -0.31929,     0.95788,    -0.31929,  ]
         - [  -0.31929,     0.68071,    -0.31929,  ]
         - [  -0.31929,     0.68071,    -0.31929,  ]
         - [  -0.31929,     0.68071,    -0.04212,  ]
         - [  -0.31929,     0.68071,    -0.04212,  ]
         - [  -0.04212,     0.68071,    -0.31929,  ]
         - [  -0.04212,     0.68071,    -0.31929,  ]
         - [  -0.04592,     0.13775,    -0.04592,  ]
         - [  -0.04592,     0.13775,    -0.04592,  ]
         - [  -0.04592,    -0.04592,    -0.04592,  ]
         - [  -0.04592,    -0.04592,    -0.04592,  ]
         - [  -0.04592,    -0.04592,     0.13775,  ]
         - [  -0.04592,    -0.04592,     0.13775,  ]
         - [   0.13775,    -0.04592,    -0.04592,  ]
         - [   0.13775,    -0.04592,    -0.04592,  ]
   wannier_center_cryst units: crystal

trans:

   temperature units: K

   chemical potential units: eV

   concentration units: cm-3

   conductivity units: 1/Ohm/m

   mobility units: cm2/V/s

   Seebeck coefficient units: mV/K

   # Electronic contribution
   # Not well tested, use with caution
   thermal conductivity units: W/m/K

   # Configuration means one line in the temper file:
   # temperature efermi concentration
   number of configurations:   2

   configuration index:

      1:

         temperature: 100.00000

         chemical potential:   9.8000000000

         concentration:  0.1572653E+19

         conductivity:

            components:
               xx:   0.38791332E+08
               xy:   0.88557265E+05
               yy:   0.38794453E+08
               xz:   0.88917986E+05
               yz:   0.88084811E+05
               zz:   0.38791893E+08
               yx:   0.88557265E+05
               zx:   0.88917986E+05
               zy:   0.88084811E+05


            tensor:
               - [    0.38791332E+08,    0.88557265E+05,    0.88917986E+05,  ]
               - [    0.88557265E+05,    0.38794453E+08,    0.88084811E+05,  ]
               - [    0.88917986E+05,    0.88084811E+05,    0.38791893E+08,  ]

         mobility:

            components:
               xx:   0.15395412E+07
               xy:   0.35146399E+04
               yy:   0.15396651E+07
               xz:   0.35289561E+04
               yz:   0.34958892E+04
               zz:   0.15395635E+07
               yx:   0.35146399E+04
               zx:   0.35289561E+04
               zy:   0.34958892E+04


            tensor:
               - [    0.15395412E+07,    0.35146399E+04,    0.35289561E+04,  ]
               - [    0.35146399E+04,    0.15396651E+07,    0.34958892E+04,  ]
               - [    0.35289561E+04,    0.34958892E+04,    0.15395635E+07,  ]

         Seebeck coefficient:

            components:
               xx:   0.22179308E+00
               xy:  -0.52152750E-03
               yy:   0.22176649E+00
               xz:  -0.52205303E-03
               yz:  -0.51018235E-03
               zz:   0.22179519E+00
               yx:  -0.52152750E-03
               zx:  -0.52205303E-03
               zy:  -0.51018235E-03


            tensor:
               - [    0.22179308E+00,   -0.52152750E-03,   -0.52205303E-03,  ]
               - [   -0.52152750E-03,    0.22176649E+00,   -0.51018235E-03,  ]
               - [   -0.52205303E-03,   -0.51018235E-03,    0.22179519E+00,  ]

            # Thermal conductivity: not well tested, use with caution

         thermal conductivity:

            components:
               xx:   0.67247104E+02
               xy:   0.18147232E+00
               yy:   0.67258511E+02
               xz:   0.18312639E+00
               yz:   0.17932648E+00
               zz:   0.67246059E+02
               yx:   0.18147232E+00
               zx:   0.18312639E+00
               zy:   0.17932648E+00


            tensor:
               - [    0.67247104E+02,    0.18147232E+00,    0.18312639E+00,  ]
               - [    0.18147232E+00,    0.67258511E+02,    0.17932648E+00,  ]
               - [    0.18312639E+00,    0.17932648E+00,    0.67246059E+02,  ]

         number of iterations:    5

         iteration:

            1:

               conductivity:

                  components:
                     xx:   0.31823648E+08
                     xy:   0.22658137E+05
                     yy:   0.31824022E+08
                     xz:   0.22489937E+05
                     yz:   0.22234763E+05
                     zz:   0.31824319E+08
                     yx:   0.22658137E+05
                     zx:   0.22489937E+05
                     zy:   0.22234763E+05


                  tensor:
                     - [    0.31823648E+08,    0.22658137E+05,    0.22489937E+05,  ]
                     - [    0.22658137E+05,    0.31824022E+08,    0.22234763E+05,  ]
                     - [    0.22489937E+05,    0.22234763E+05,    0.31824319E+08,  ]

            2:

               conductivity:

                  components:
                     xx:   0.37329982E+08
                     xy:   0.54593282E+05
                     yy:   0.37331707E+08
                     xz:   0.54800498E+05
                     yz:   0.54234123E+05
                     zz:   0.37330334E+08
                     yx:   0.54593282E+05
                     zx:   0.54800498E+05
                     zy:   0.54234123E+05


                  tensor:
                     - [    0.37329982E+08,    0.54593282E+05,    0.54800498E+05,  ]
                     - [    0.54593282E+05,    0.37331707E+08,    0.54234123E+05,  ]
                     - [    0.54800498E+05,    0.54234123E+05,    0.37330334E+08,  ]

            3:

               conductivity:

                  components:
                     xx:   0.38029494E+08
                     xy:   0.75950143E+05
                     yy:   0.38032003E+08
                     xz:   0.76550921E+05
                     yz:   0.75944918E+05
                     zz:   0.38029873E+08
                     yx:   0.75950143E+05
                     zx:   0.76550921E+05
                     zy:   0.75944918E+05


                  tensor:
                     - [    0.38029494E+08,    0.75950143E+05,    0.76550921E+05,  ]
                     - [    0.75950143E+05,    0.38032003E+08,    0.75944918E+05,  ]
                     - [    0.76550921E+05,    0.75944918E+05,    0.38029873E+08,  ]

            4:

               conductivity:

                  components:
                     xx:   0.38823508E+08
                     xy:   0.82673146E+05
                     yy:   0.38826380E+08
                     xz:   0.83004690E+05
                     yz:   0.82148540E+05
                     zz:   0.38824015E+08
                     yx:   0.82673146E+05
                     zx:   0.83004690E+05
                     zy:   0.82148540E+05


                  tensor:
                     - [    0.38823508E+08,    0.82673146E+05,    0.83004690E+05,  ]
                     - [    0.82673146E+05,    0.38826380E+08,    0.82148540E+05,  ]
                     - [    0.83004690E+05,    0.82148540E+05,    0.38824015E+08,  ]

            5:

               conductivity:

                  components:
                     xx:   0.38791332E+08
                     xy:   0.88557265E+05
                     yy:   0.38794453E+08
                     xz:   0.88917986E+05
                     yz:   0.88084811E+05
                     zz:   0.38791893E+08
                     yx:   0.88557265E+05
                     zx:   0.88917986E+05
                     zy:   0.88084811E+05


                  tensor:
                     - [    0.38791332E+08,    0.88557265E+05,    0.88917986E+05,  ]
                     - [    0.88557265E+05,    0.38794453E+08,    0.88084811E+05,  ]
                     - [    0.88917986E+05,    0.88084811E+05,    0.38791893E+08,  ]

      2:

         temperature: 300.00000

         chemical potential:   9.8000000000

         concentration:  0.2005268E+19

         conductivity:

            components:
               xx:   0.50481076E+07
               xy:   0.93963888E+04
               yy:   0.50489045E+07
               xz:   0.94891275E+04
               yz:   0.94490168E+04
               zz:   0.50480064E+07
               yx:   0.93963888E+04
               zx:   0.94891275E+04
               zy:   0.94490168E+04


            tensor:
               - [    0.50481076E+07,    0.93963888E+04,    0.94891275E+04,  ]
               - [    0.93963888E+04,    0.50489045E+07,    0.94490168E+04,  ]
               - [    0.94891275E+04,    0.94490168E+04,    0.50480064E+07,  ]

         mobility:

            components:
               xx:   0.15712510E+06
               xy:   0.29246773E+03
               yy:   0.15714991E+06
               xz:   0.29535427E+03
               yz:   0.29410581E+03
               zz:   0.15712195E+06
               yx:   0.29246773E+03
               zx:   0.29535427E+03
               zy:   0.29410581E+03


            tensor:
               - [    0.15712510E+06,    0.29246773E+03,    0.29535427E+03,  ]
               - [    0.29246773E+03,    0.15714991E+06,    0.29410581E+03,  ]
               - [    0.29535427E+03,    0.29410581E+03,    0.15712195E+06,  ]

         Seebeck coefficient:

            components:
               xx:  -0.47636825E-01
               xy:  -0.95182655E-04
               yy:  -0.47651050E-01
               xz:  -0.94109957E-04
               yz:  -0.96858505E-04
               zz:  -0.47628780E-01
               yx:  -0.95182655E-04
               zx:  -0.94109957E-04
               zy:  -0.96858505E-04


            tensor:
               - [   -0.47636825E-01,   -0.95182655E-04,   -0.94109957E-04,  ]
               - [   -0.95182655E-04,   -0.47651050E-01,   -0.96858505E-04,  ]
               - [   -0.94109957E-04,   -0.96858505E-04,   -0.47628780E-01,  ]

            # Thermal conductivity: not well tested, use with caution

         thermal conductivity:

            components:
               xx:   0.31801930E+02
               xy:   0.52600352E-01
               yy:   0.31804483E+02
               xz:   0.52584511E-01
               yz:   0.53914585E-01
               zz:   0.31798762E+02
               yx:   0.52600352E-01
               zx:   0.52584511E-01
               zy:   0.53914585E-01


            tensor:
               - [    0.31801930E+02,    0.52600352E-01,    0.52584511E-01,  ]
               - [    0.52600352E-01,    0.31804483E+02,    0.53914585E-01,  ]
               - [    0.52584511E-01,    0.53914585E-01,    0.31798762E+02,  ]

         number of iterations:    7

         iteration:

            1:

               conductivity:

                  components:
                     xx:   0.38626885E+07
                     xy:   0.23802686E+04
                     yy:   0.38627613E+07
                     xz:   0.23697775E+04
                     yz:   0.23230590E+04
                     zz:   0.38625878E+07
                     yx:   0.23802686E+04
                     zx:   0.23697775E+04
                     zy:   0.23230590E+04


                  tensor:
                     - [    0.38626885E+07,    0.23802686E+04,    0.23697775E+04,  ]
                     - [    0.23802686E+04,    0.38627613E+07,    0.23230590E+04,  ]
                     - [    0.23697775E+04,    0.23230590E+04,    0.38625878E+07,  ]

            2:

               conductivity:

                  components:
                     xx:   0.45244458E+07
                     xy:   0.53539491E+04
                     yy:   0.45249103E+07
                     xz:   0.54587034E+04
                     yz:   0.52980596E+04
                     zz:   0.45243743E+07
                     yx:   0.53539491E+04
                     zx:   0.54587034E+04
                     zy:   0.52980596E+04


                  tensor:
                     - [    0.45244458E+07,    0.53539491E+04,    0.54587034E+04,  ]
                     - [    0.53539491E+04,    0.45249103E+07,    0.52980596E+04,  ]
                     - [    0.54587034E+04,    0.52980596E+04,    0.45243743E+07,  ]

            3:

               conductivity:

                  components:
                     xx:   0.48683410E+07
                     xy:   0.71294745E+04
                     yy:   0.48689299E+07
                     xz:   0.72670516E+04
                     yz:   0.71540952E+04
                     zz:   0.48682480E+07
                     yx:   0.71294745E+04
                     zx:   0.72670516E+04
                     zy:   0.71540952E+04


                  tensor:
                     - [    0.48683410E+07,    0.71294745E+04,    0.72670516E+04,  ]
                     - [    0.71294745E+04,    0.48689299E+07,    0.71540952E+04,  ]
                     - [    0.72670516E+04,    0.71540952E+04,    0.48682480E+07,  ]

            4:

               conductivity:

                  components:
                     xx:   0.49683250E+07
                     xy:   0.80986398E+04
                     yy:   0.49690334E+07
                     xz:   0.82266721E+04
                     yz:   0.81270066E+04
                     zz:   0.49682492E+07
                     yx:   0.80986398E+04
                     zx:   0.82266721E+04
                     zy:   0.81270066E+04


                  tensor:
                     - [    0.49683250E+07,    0.80986398E+04,    0.82266721E+04,  ]
                     - [    0.80986398E+04,    0.49690334E+07,    0.81270066E+04,  ]
                     - [    0.82266721E+04,    0.81270066E+04,    0.49682492E+07,  ]

            5:

               conductivity:

                  components:
                     xx:   0.50239048E+07
                     xy:   0.88126163E+04
                     yy:   0.50246604E+07
                     xz:   0.89194225E+04
                     yz:   0.88569109E+04
                     zz:   0.50238114E+07
                     yx:   0.88126163E+04
                     zx:   0.89194225E+04
                     zy:   0.88569109E+04


                  tensor:
                     - [    0.50239048E+07,    0.88126163E+04,    0.89194225E+04,  ]
                     - [    0.88126163E+04,    0.50246604E+07,    0.88569109E+04,  ]
                     - [    0.89194225E+04,    0.88569109E+04,    0.50238114E+07,  ]

            6:

               conductivity:

                  components:
                     xx:   0.50387029E+07
                     xy:   0.90491569E+04
                     yy:   0.50394893E+07
                     xz:   0.91482418E+04
                     yz:   0.90986789E+04
                     zz:   0.50386048E+07
                     yx:   0.90491569E+04
                     zx:   0.91482418E+04
                     zy:   0.90986789E+04


                  tensor:
                     - [    0.50387029E+07,    0.90491569E+04,    0.91482418E+04,  ]
                     - [    0.90491569E+04,    0.50394893E+07,    0.90986789E+04,  ]
                     - [    0.91482418E+04,    0.90986789E+04,    0.50386048E+07,  ]

            7:

               conductivity:

                  components:
                     xx:   0.50481076E+07
                     xy:   0.93963888E+04
                     yy:   0.50489045E+07
                     xz:   0.94891275E+04
                     yz:   0.94490168E+04
                     zz:   0.50480064E+07
                     yx:   0.93963888E+04
                     zx:   0.94891275E+04
                     zy:   0.94490168E+04


                  tensor:
                     - [    0.50481076E+07,    0.93963888E+04,    0.94891275E+04,  ]
                     - [    0.93963888E+04,    0.50489045E+07,    0.94490168E+04,  ]
                     - [    0.94891275E+04,    0.94490168E+04,    0.50480064E+07,  ]

timings:

   time units: s

   PERTURBO:
      cpu:         0.00879600
      wall:        0.11192322
      calls:         1
...
