---
program: perturbo

start date and time:
   date: 25 July 2023
   time: "16:21:31"

parallelization:
   type: MPI+OpenMP
   number of MPI tasks:   8
   number of OpenMP threads:   8
   number of nodes:   1

input parameters:
   after conversion:
      band_max:                  10
      band_min:                   9
      boltz_de:           7.3498617648950546E-05
      boltz_efield:          [ 0.0000000000000000E+00,   0.0000000000000000E+00,   0.0000000000000000E+00,  ]
      boltz_emax:           7.3498617648950548E-01
      boltz_emin:           6.9823686766503024E-01
      boltz_init_dist:          
      boltz_init_e0:          -7.3491267787185654E+02
      boltz_init_smear:           1.4699723529790110E-03
      boltz_kdim:          [        80,          80,          80,  ]
      boltz_norm_dist:          False
      boltz_nstep:                   0
      boltz_qdim:          [        80,          80,          80,  ]
      calc_mode:          trans-rta
      cauchy_scale:           5.0000000745058060E-02
      debug:          False
      delta_smear:           5.8798894119160437E-04
      fklist:          
      fqlist:          
      ftemper:          gaas.temper
      full_ite:          True 
      hole:          False
      load_scatter_eph:          False
      nsamples:              100000
      output_nstep:                   1
      output_yaml:          True 
      phfreq_cutoff:           1.4699723529790109E-04
      polar_split:          
      prefix:          gaas
      sampling:          uniform
      solver:          rk4
      time_step:           2.0670686467503085E+01
      tmp_dir:          ./tmp/
      trans_thr:           2.0000000000000000E-03
      yaml_fname:          pert_output.yml

grid:
   number of  tetrahedra selected:       2184
   number of reducible k-points:        531
   number of irreducible k-points:         43


scatter parallelization:

   MPI task index:

      1:
         number of q-points:            1521
         number of (k,q) pairs:            6867

      2:
         number of q-points:            1554
         number of (k,q) pairs:            6864

      3:
         number of q-points:            1584
         number of (k,q) pairs:            6999

      4:
         number of q-points:            1561
         number of (k,q) pairs:            7431

      5:
         number of q-points:            1628
         number of (k,q) pairs:            7372

      6:
         number of q-points:            1608
         number of (k,q) pairs:            8077

      7:
         number of q-points:            1634
         number of (k,q) pairs:            8345

      8:
         number of q-points:            1615
         number of (k,q) pairs:            7765

trans:

   temperature units: K

   chemical potential units: eV

   concentration units: cm-3

   conductivity units: 1/Ohm/m

   mobility units: cm2/V/s

   Seebeck coefficient units: mV/K

   # Electronic contribution
   # Not well tested, use with caution
   thermal conductivity units: W/m/K

   # Configuration means one line in the temper file:
   # temperature efermi concentration
   number of configurations:   2

   configuration index:

      1:

         temperature: 100.00000

         chemical potential:   9.8000000000

         concentration:  0.1572652E+19

         conductivity:

            components:
               xx:   0.31824118E+08
               xy:   0.22737754E+05
               yy:   0.31824475E+08
               xz:   0.22454322E+05
               yz:   0.22184452E+05
               zz:   0.31824584E+08
               yx:   0.22737754E+05
               zx:   0.22454322E+05
               zy:   0.22184452E+05


            tensor:
               - [    0.31824118E+08,    0.22737754E+05,    0.22454322E+05,  ]
               - [    0.22737754E+05,    0.31824475E+08,    0.22184452E+05,  ]
               - [    0.22454322E+05,    0.22184452E+05,    0.31824584E+08,  ]

         mobility:

            components:
               xx:   0.12630282E+07
               xy:   0.90241074E+03
               yy:   0.12630424E+07
               xz:   0.89116196E+03
               yz:   0.88045139E+03
               zz:   0.12630468E+07
               yx:   0.90241074E+03
               zx:   0.89116196E+03
               zy:   0.88045139E+03


            tensor:
               - [    0.12630282E+07,    0.90241074E+03,    0.89116196E+03,  ]
               - [    0.90241074E+03,    0.12630424E+07,    0.88045139E+03,  ]
               - [    0.89116196E+03,    0.88045139E+03,    0.12630468E+07,  ]

         Seebeck coefficient:

            components:
               xx:   0.28656043E+00
               xy:  -0.10625332E-03
               yy:   0.28655680E+00
               xz:  -0.10302856E-03
               yz:  -0.99206099E-04
               zz:   0.28655715E+00
               yx:  -0.10625332E-03
               zx:  -0.10302856E-03
               zy:  -0.99206099E-04


            tensor:
               - [    0.28656043E+00,   -0.10625332E-03,   -0.10302856E-03,  ]
               - [   -0.10625332E-03,    0.28655680E+00,   -0.99206099E-04,  ]
               - [   -0.10302856E-03,   -0.99206099E-04,    0.28655715E+00,  ]

            # Thermal conductivity: not well tested, use with caution

         thermal conductivity:

            components:
               xx:   0.51358932E+02
               xy:   0.47239921E-01
               yy:   0.51359752E+02
               xz:   0.46705540E-01
               yz:   0.46249843E-01
               zz:   0.51358722E+02
               yx:   0.47239921E-01
               zx:   0.46705540E-01
               zy:   0.46249843E-01


            tensor:
               - [    0.51358932E+02,    0.47239921E-01,    0.46705540E-01,  ]
               - [    0.47239921E-01,    0.51359752E+02,    0.46249843E-01,  ]
               - [    0.46705540E-01,    0.46249843E-01,    0.51358722E+02,  ]

      2:

         temperature: 300.00000

         chemical potential:   9.8000000000

         concentration:  0.2005268E+19

         conductivity:

            components:
               xx:   0.38626927E+07
               xy:   0.23897757E+04
               yy:   0.38627598E+07
               xz:   0.23701586E+04
               yz:   0.23170186E+04
               zz:   0.38625818E+07
               yx:   0.23897757E+04
               zx:   0.23701586E+04
               zy:   0.23170186E+04


            tensor:
               - [    0.38626927E+07,    0.23897757E+04,    0.23701586E+04,  ]
               - [    0.23897757E+04,    0.38627598E+07,    0.23170186E+04,  ]
               - [    0.23701586E+04,    0.23170186E+04,    0.38625818E+07,  ]

         mobility:

            components:
               xx:   0.12022843E+06
               xy:   0.74383079E+02
               yy:   0.12023052E+06
               xz:   0.73772486E+02
               yz:   0.72118474E+02
               zz:   0.12022498E+06
               yx:   0.74383079E+02
               zx:   0.73772486E+02
               zy:   0.72118474E+02


            tensor:
               - [    0.12022843E+06,    0.74383079E+02,    0.73772486E+02,  ]
               - [    0.74383079E+02,    0.12023052E+06,    0.72118474E+02,  ]
               - [    0.73772486E+02,    0.72118474E+02,    0.12022498E+06,  ]

         Seebeck coefficient:

            components:
               xx:  -0.23390098E-01
               xy:  -0.21060256E-04
               yy:  -0.23391740E-01
               xz:  -0.21003023E-04
               yz:  -0.20388353E-04
               zz:  -0.23384919E-01
               yx:  -0.21060256E-04
               zx:  -0.21003023E-04
               zy:  -0.20388353E-04


            tensor:
               - [   -0.23390098E-01,   -0.21060256E-04,   -0.21003023E-04,  ]
               - [   -0.21060256E-04,   -0.23391740E-01,   -0.20388353E-04,  ]
               - [   -0.21003023E-04,   -0.20388353E-04,   -0.23384919E-01,  ]

            # Thermal conductivity: not well tested, use with caution

         thermal conductivity:

            components:
               xx:   0.25615696E+02
               xy:   0.13265952E-01
               yy:   0.25615930E+02
               xz:   0.13235216E-01
               yz:   0.13371408E-01
               zz:   0.25614889E+02
               yx:   0.13265952E-01
               zx:   0.13235216E-01
               zy:   0.13371408E-01


            tensor:
               - [    0.25615696E+02,    0.13265952E-01,    0.13235216E-01,  ]
               - [    0.13265952E-01,    0.25615930E+02,    0.13371408E-01,  ]
               - [    0.13235216E-01,    0.13371408E-01,    0.25614889E+02,  ]

timings:

   time units: s

   PERTURBO:
      cpu:         4.53183600
      wall:        0.63586187
      calls:         1

   scat_setup:
      cpu:         4.05062700
      wall:        0.53586197
      calls:         1

   set_kq_pair:
      cpu:         0.90840800
      wall:        0.11373496
      calls:         1

   init_eph_wan:
      cpu:         0.99946500
      wall:        0.14278007
      calls:         1

   compute_g2:
      cpu:         1.76205400
      wall:        0.22677708
      calls:         1

   load_eph_g2:
      cpu:         0.33055500
      wall:        0.04618001
      calls:         1
...
