---
program: perturbo

start date and time:
   date:  8 May 2023
   time: " 6: 4:26"

parallelization:
   type: MPI+OpenMP
   number of MPI tasks:   1
   number of OpenMP threads:  64
   number of nodes:   1

input parameters:
   after conversion:
      band_max:                  10
      band_min:                   9
      boltz_acc_thr:           0.0000000000000000E+00
      boltz_de:           7.3498617648950546E-05
      boltz_efield:          [ 0.0000000000000000E+00,   0.0000000000000000E+00,   0.0000000000000000E+00,  ]
      boltz_emax:           7.3498617648950548E-01
      boltz_emin:           6.9823686766503024E-01
      boltz_init_dist:          
      boltz_init_e0:          -7.3491267787185654E+02
      boltz_init_smear:           1.4699723529790110E-03
      boltz_kdim:          [        80,          80,          80,  ]
      boltz_norm_dist:          False
      boltz_nstep:                  50
      boltz_nstep_min:                   1
      boltz_qdim:          [        80,          80,          80,  ]
      calc_mode:          trans-ita
      cauchy_scale:           5.0000000745058060E-02
      debug:          False
      delta_smear:           5.8798894119160437E-04
      fklist:          
      fqlist:          
      ftemper:          gaas.temper
      full_ite:          True 
      hole:          False
      load_scatter_eph:          False
      nsamples:              100000
      output_nstep:                   1
      output_yaml:          True 
      phfreq_cutoff:           1.4699723529790109E-04
      polar_split:          
      prefix:          gaas
      sampling:          uniform
      solver:          rk4
      time_step:           2.0670686467503085E+01
      tmp_dir:          ./tmp/
      trans_thr:           2.0000000000000000E-03
      yaml_fname:          pert_output.yml


basic data:
   alat:          10.5700000000
   alat units:       bohr
   # a vector is a row
   lattice vectors:
         - [  -0.50000,     0.00000,     0.50000,  ]
         - [   0.00000,     0.50000,     0.50000,  ]
         - [  -0.50000,     0.50000,     0.00000,  ]
   lattice vectors units:       alat
   reciprocal lattice vectors:
   # a vector is a row
         - [  -1.00000,    -1.00000,     1.00000,  ]
         - [   1.00000,     1.00000,     1.00000,  ]
         - [  -1.00000,     1.00000,    -1.00000,  ]
   reciprocal lattice vectors units:       2pi/alat
   number of atoms in unit cell:                2
   atomic positions:
   # a vector is a row
         - [   0.25000,     0.25000,     0.25000,  ]
         - [   0.00000,     0.00000,     0.00000,  ]
   atomic positions units:       alat
   volume:         295.2330482500
   volume units:       bohr^3
   number of symmetry operations:               24
   symop:
      1:
         - [    1,      0,      0,  ]
         - [    0,      1,      0,  ]
         - [    0,      0,      1,  ]
      2:
         - [    0,      1,      0,  ]
         - [    1,      0,      0,  ]
         - [   -1,     -1,     -1,  ]
      3:
         - [   -1,     -1,     -1,  ]
         - [    0,      0,      1,  ]
         - [    0,      1,      0,  ]
      4:
         - [    0,      0,      1,  ]
         - [   -1,     -1,     -1,  ]
         - [    1,      0,      0,  ]
      5:
         - [   -1,     -1,     -1,  ]
         - [    0,      1,      0,  ]
         - [    1,      0,      0,  ]
      6:
         - [    0,      0,      1,  ]
         - [    1,      0,      0,  ]
         - [    0,      1,      0,  ]
      7:
         - [    1,      0,      0,  ]
         - [    0,      0,      1,  ]
         - [   -1,     -1,     -1,  ]
      8:
         - [    0,      1,      0,  ]
         - [   -1,     -1,     -1,  ]
         - [    0,      0,      1,  ]
      9:
         - [    0,      0,      1,  ]
         - [    0,      1,      0,  ]
         - [   -1,     -1,     -1,  ]
      10:
         - [   -1,     -1,     -1,  ]
         - [    1,      0,      0,  ]
         - [    0,      0,      1,  ]
      11:
         - [    0,      1,      0,  ]
         - [    0,      0,      1,  ]
         - [    1,      0,      0,  ]
      12:
         - [    1,      0,      0,  ]
         - [   -1,     -1,     -1,  ]
         - [    0,      1,      0,  ]
      13:
         - [    0,      1,      0,  ]
         - [    1,      0,      0,  ]
         - [    0,      0,      1,  ]
      14:
         - [    1,      0,      0,  ]
         - [    0,      1,      0,  ]
         - [   -1,     -1,     -1,  ]
      15:
         - [    0,      0,      1,  ]
         - [   -1,     -1,     -1,  ]
         - [    0,      1,      0,  ]
      16:
         - [   -1,     -1,     -1,  ]
         - [    0,      0,      1,  ]
         - [    1,      0,      0,  ]
      17:
         - [    1,      0,      0,  ]
         - [    0,      0,      1,  ]
         - [    0,      1,      0,  ]
      18:
         - [   -1,     -1,     -1,  ]
         - [    0,      1,      0,  ]
         - [    0,      0,      1,  ]
      19:
         - [    0,      1,      0,  ]
         - [   -1,     -1,     -1,  ]
         - [    1,      0,      0,  ]
      20:
         - [    0,      0,      1,  ]
         - [    1,      0,      0,  ]
         - [   -1,     -1,     -1,  ]
      21:
         - [    1,      0,      0,  ]
         - [   -1,     -1,     -1,  ]
         - [    0,      0,      1,  ]
      22:
         - [    0,      0,      1,  ]
         - [    0,      1,      0,  ]
         - [    1,      0,      0,  ]
      23:
         - [    0,      1,      0,  ]
         - [    0,      0,      1,  ]
         - [   -1,     -1,     -1,  ]
      24:
         - [   -1,     -1,     -1,  ]
         - [    1,      0,      0,  ]
         - [    0,      1,      0,  ]
   kc dimensions:
         - [      2,        2,        2,  ]
   spinor:       True 
   polar_alpha:           1.0000000000
   epsil:
   # a vector is a row
         - [     59.47522865,       -0.00000000,       -0.00000000,  ]
         - [     -0.00000000,       59.47522865,        0.00000000,  ]
         - [     -0.00000000,        0.00000000,       59.47522865,  ]
   qc dimensions:
         - [      2,        2,        2,  ]
   mass:
      -       68287.22550903
      -       63548.62689419
   mass units:       atomic
   zstar:
      1:
         - [  -2.45173,    -0.00000,     0.00000,  ]
         - [  -0.00000,    -2.45173,     0.00000,  ]
         - [   0.00000,     0.00000,    -2.45173,  ]
      2:
         - [   2.45173,     0.00000,    -0.00000,  ]
         - [   0.00000,     2.45173,    -0.00000,  ]
         - [  -0.00000,    -0.00000,     2.45173,  ]
   system_2d:       False
   number of Wannier functions:               16
   wannier_center:
   # a vector is a row
         - [   0.31929,     0.31929,     0.31929,  ]
         - [   0.31929,     0.31929,     0.31929,  ]
         - [   0.31929,     0.18071,     0.18071,  ]
         - [   0.31929,     0.18071,     0.18071,  ]
         - [   0.18071,     0.31929,     0.18071,  ]
         - [   0.18071,     0.31929,     0.18071,  ]
         - [   0.18071,     0.18071,     0.31929,  ]
         - [   0.18071,     0.18071,     0.31929,  ]
         - [   0.04592,     0.04592,     0.04592,  ]
         - [   0.04592,     0.04592,     0.04592,  ]
         - [   0.04592,    -0.04592,    -0.04592,  ]
         - [   0.04592,    -0.04592,    -0.04592,  ]
         - [  -0.04592,     0.04592,    -0.04592,  ]
         - [  -0.04592,     0.04592,    -0.04592,  ]
         - [  -0.04592,    -0.04592,     0.04592,  ]
         - [  -0.04592,    -0.04592,     0.04592,  ]
   wannier_center units: cartesian
   wannier_center_cryst:
   # a vector is a row
         - [  -0.31929,     0.95788,    -0.31929,  ]
         - [  -0.31929,     0.95788,    -0.31929,  ]
         - [  -0.31929,     0.68071,    -0.31929,  ]
         - [  -0.31929,     0.68071,    -0.31929,  ]
         - [  -0.31929,     0.68071,    -0.04212,  ]
         - [  -0.31929,     0.68071,    -0.04212,  ]
         - [  -0.04212,     0.68071,    -0.31929,  ]
         - [  -0.04212,     0.68071,    -0.31929,  ]
         - [  -0.04592,     0.13775,    -0.04592,  ]
         - [  -0.04592,     0.13775,    -0.04592,  ]
         - [  -0.04592,    -0.04592,    -0.04592,  ]
         - [  -0.04592,    -0.04592,    -0.04592,  ]
         - [  -0.04592,    -0.04592,     0.13775,  ]
         - [  -0.04592,    -0.04592,     0.13775,  ]
         - [   0.13775,    -0.04592,    -0.04592,  ]
         - [   0.13775,    -0.04592,    -0.04592,  ]
   wannier_center_cryst units: crystal

grid:
   number of  tetrahedra selected:       2184
   number of reducible k-points:        531
   number of irreducible k-points:         43


scatter parallelization:

   MPI task index:

      1:
         number of q-points:            1883
         number of (k,q) pairs:           59720

trans:

   temperature units: K

   chemical potential units: eV

   concentration units: cm-3

   conductivity units: 1/Ohm/m

   mobility units: cm2/V/s

   Seebeck coefficient units: mV/K

   # Electronic contribution
   # Not well tested, use with caution
   thermal conductivity units: W/m/K

   # Configuration means one line in the temper file:
   # temperature efermi concentration
   number of configurations:   2

   configuration index:

      1:

         temperature: 100.00000

         chemical potential:   9.8000000000

         concentration:  0.1572653E+19

         conductivity:

            components:
               xx:   0.17048453E+08
               xy:   0.59843019E+05
               yy:   0.17050087E+08
               xz:   0.50544721E+05
               yz:   0.35493082E+05
               zz:   0.17043239E+08
               yx:   0.59843019E+05
               zx:   0.50544721E+05
               zy:   0.35493082E+05


            tensor:
               - [    0.17048453E+08,    0.59843019E+05,    0.50544721E+05,  ]
               - [    0.59843019E+05,    0.17050087E+08,    0.35493082E+05,  ]
               - [    0.50544721E+05,    0.35493082E+05,    0.17043239E+08,  ]

         mobility:

            components:
               xx:   0.67661498E+06
               xy:   0.23750356E+04
               yy:   0.67667984E+06
               xz:   0.20060070E+04
               yz:   0.14086411E+04
               zz:   0.67640807E+06
               yx:   0.23750356E+04
               zx:   0.20060070E+04
               zy:   0.14086411E+04


            tensor:
               - [    0.67661498E+06,    0.23750356E+04,    0.20060070E+04,  ]
               - [    0.23750356E+04,    0.67667984E+06,    0.14086411E+04,  ]
               - [    0.20060070E+04,    0.14086411E+04,    0.67640807E+06,  ]

         Seebeck coefficient:

            components:
               xx:  -0.11251079E+00
               xy:  -0.16344330E-03
               yy:  -0.11251636E+00
               xz:  -0.12442540E-03
               yz:  -0.30795939E-06
               zz:  -0.11251553E+00
               yx:  -0.16344330E-03
               zx:  -0.12442540E-03
               zy:  -0.30795939E-06


            tensor:
               - [   -0.11251079E+00,   -0.16344330E-03,   -0.12442540E-03,  ]
               - [   -0.16344330E-03,   -0.11251636E+00,   -0.30795939E-06,  ]
               - [   -0.12442540E-03,   -0.30795939E-06,   -0.11251553E+00,  ]

            # Thermal conductivity: not well tested, use with caution

         thermal conductivity:

            components:
               xx:   0.99606765E+01
               xy:   0.97265141E-02
               yy:   0.99614071E+01
               xz:   0.78555035E-02
               yz:   0.36481389E-02
               zz:   0.99602842E+01
               yx:   0.97265141E-02
               zx:   0.78555035E-02
               zy:   0.36481389E-02


            tensor:
               - [    0.99606765E+01,    0.97265141E-02,    0.78555035E-02,  ]
               - [    0.97265141E-02,    0.99614071E+01,    0.36481389E-02,  ]
               - [    0.78555035E-02,    0.36481389E-02,    0.99602842E+01,  ]

         number of iterations:    9

         iteration:

            1:

               conductivity:

                  components:
                     xx:   0.93675208E+07
                     xy:   0.60296003E+03
                     yy:   0.93675208E+07
                     xz:   0.60299268E+03
                     yz:   0.60293228E+03
                     zz:   0.93675208E+07
                     yx:   0.60296003E+03
                     zx:   0.60299268E+03
                     zy:   0.60293228E+03


                  tensor:
                     - [    0.93675208E+07,    0.60296003E+03,    0.60299268E+03,  ]
                     - [    0.60296003E+03,    0.93675208E+07,    0.60293228E+03,  ]
                     - [    0.60299268E+03,    0.60293228E+03,    0.93675208E+07,  ]

            2:

               conductivity:

                  components:
                     xx:   0.15330207E+08
                     xy:   0.20365304E+05
                     yy:   0.15329490E+08
                     xz:   0.18284897E+05
                     yz:   0.10797902E+05
                     zz:   0.15329633E+08
                     yx:   0.20365304E+05
                     zx:   0.18284897E+05
                     zy:   0.10797902E+05


                  tensor:
                     - [    0.15330207E+08,    0.20365304E+05,    0.18284897E+05,  ]
                     - [    0.20365304E+05,    0.15329490E+08,    0.10797902E+05,  ]
                     - [    0.18284897E+05,    0.10797902E+05,    0.15329633E+08,  ]

            3:

               conductivity:

                  components:
                     xx:   0.15884192E+08
                     xy:   0.45676411E+05
                     yy:   0.15884235E+08
                     xz:   0.40157426E+05
                     yz:   0.25697579E+05
                     zz:   0.15882103E+08
                     yx:   0.45676411E+05
                     zx:   0.40157426E+05
                     zy:   0.25697579E+05


                  tensor:
                     - [    0.15884192E+08,    0.45676411E+05,    0.40157426E+05,  ]
                     - [    0.45676411E+05,    0.15884235E+08,    0.25697579E+05,  ]
                     - [    0.40157426E+05,    0.25697579E+05,    0.15882103E+08,  ]

            4:

               conductivity:

                  components:
                     xx:   0.16949563E+08
                     xy:   0.49085643E+05
                     yy:   0.16950315E+08
                     xz:   0.42043759E+05
                     yz:   0.28786622E+05
                     zz:   0.16945711E+08
                     yx:   0.49085643E+05
                     zx:   0.42043759E+05
                     zy:   0.28786622E+05


                  tensor:
                     - [    0.16949563E+08,    0.49085643E+05,    0.42043759E+05,  ]
                     - [    0.49085643E+05,    0.16950315E+08,    0.28786622E+05,  ]
                     - [    0.42043759E+05,    0.28786622E+05,    0.16945711E+08,  ]

            5:

               conductivity:

                  components:
                     xx:   0.16848110E+08
                     xy:   0.58055102E+05
                     yy:   0.16849376E+08
                     xz:   0.49508109E+05
                     yz:   0.33918847E+05
                     zz:   0.16843651E+08
                     yx:   0.58055102E+05
                     zx:   0.49508109E+05
                     zy:   0.33918847E+05


                  tensor:
                     - [    0.16848110E+08,    0.58055102E+05,    0.49508109E+05,  ]
                     - [    0.58055102E+05,    0.16849376E+08,    0.33918847E+05,  ]
                     - [    0.49508109E+05,    0.33918847E+05,    0.16843651E+08,  ]

            6:

               conductivity:

                  components:
                     xx:   0.17080184E+08
                     xy:   0.56937164E+05
                     yy:   0.17081638E+08
                     xz:   0.48159336E+05
                     yz:   0.33845509E+05
                     zz:   0.17075160E+08
                     yx:   0.56937164E+05
                     zx:   0.48159336E+05
                     zy:   0.33845509E+05


                  tensor:
                     - [    0.17080184E+08,    0.56937164E+05,    0.48159336E+05,  ]
                     - [    0.56937164E+05,    0.17081638E+08,    0.33845509E+05,  ]
                     - [    0.48159336E+05,    0.33845509E+05,    0.17075160E+08,  ]

            7:

               conductivity:

                  components:
                     xx:   0.17014015E+08
                     xy:   0.59836671E+05
                     yy:   0.17015595E+08
                     xz:   0.50633749E+05
                     yz:   0.35360632E+05
                     zz:   0.17008930E+08
                     yx:   0.59836671E+05
                     zx:   0.50633749E+05
                     zy:   0.35360632E+05


                  tensor:
                     - [    0.17014015E+08,    0.59836671E+05,    0.50633749E+05,  ]
                     - [    0.59836671E+05,    0.17015595E+08,    0.35360632E+05,  ]
                     - [    0.50633749E+05,    0.35360632E+05,    0.17008930E+08,  ]

            8:

               conductivity:

                  components:
                     xx:   0.17073411E+08
                     xy:   0.58861442E+05
                     yy:   0.17075017E+08
                     xz:   0.49681766E+05
                     yz:   0.35023674E+05
                     zz:   0.17068173E+08
                     yx:   0.58861442E+05
                     zx:   0.49681766E+05
                     zy:   0.35023674E+05


                  tensor:
                     - [    0.17073411E+08,    0.58861442E+05,    0.49681766E+05,  ]
                     - [    0.58861442E+05,    0.17075017E+08,    0.35023674E+05,  ]
                     - [    0.49681766E+05,    0.35023674E+05,    0.17068173E+08,  ]

            9:

               conductivity:

                  components:
                     xx:   0.17048453E+08
                     xy:   0.59843019E+05
                     yy:   0.17050087E+08
                     xz:   0.50544721E+05
                     yz:   0.35493082E+05
                     zz:   0.17043239E+08
                     yx:   0.59843019E+05
                     zx:   0.50544721E+05
                     zy:   0.35493082E+05


                  tensor:
                     - [    0.17048453E+08,    0.59843019E+05,    0.50544721E+05,  ]
                     - [    0.59843019E+05,    0.17050087E+08,    0.35493082E+05,  ]
                     - [    0.50544721E+05,    0.35493082E+05,    0.17043239E+08,  ]

      2:

         temperature: 300.00000

         chemical potential:   9.8000000000

         concentration:  0.2005268E+19

         conductivity:

            components:
               xx:   0.13411440E+07
               xy:   0.11018875E+04
               yy:   0.13410807E+07
               xz:   0.98274133E+03
               yz:   0.83261958E+03
               zz:   0.13410677E+07
               yx:   0.11018875E+04
               zx:   0.98274133E+03
               zy:   0.83261958E+03


            tensor:
               - [    0.13411440E+07,    0.11018875E+04,    0.98274133E+03,  ]
               - [    0.11018875E+04,    0.13410807E+07,    0.83261958E+03,  ]
               - [    0.98274133E+03,    0.83261958E+03,    0.13410677E+07,  ]

         mobility:

            components:
               xx:   0.41743838E+05
               xy:   0.34296849E+02
               yy:   0.41741868E+05
               xz:   0.30588360E+02
               yz:   0.25915739E+02
               zz:   0.41741464E+05
               yx:   0.34296849E+02
               zx:   0.30588360E+02
               zy:   0.25915739E+02


            tensor:
               - [    0.41743838E+05,    0.34296849E+02,    0.30588360E+02,  ]
               - [    0.34296849E+02,    0.41741868E+05,    0.25915739E+02,  ]
               - [    0.30588360E+02,    0.25915739E+02,    0.41741464E+05,  ]

         Seebeck coefficient:

            components:
               xx:  -0.95642011E-01
               xy:  -0.12446529E-04
               yy:  -0.95644795E-01
               xz:  -0.58912196E-05
               yz:   0.88637305E-06
               zz:  -0.95643849E-01
               yx:  -0.12446529E-04
               zx:  -0.58912196E-05
               zy:   0.88637305E-06


            tensor:
               - [   -0.95642011E-01,   -0.12446529E-04,   -0.58912196E-05,  ]
               - [   -0.12446529E-04,   -0.95644795E-01,    0.88637305E-06,  ]
               - [   -0.58912196E-05,    0.88637305E-06,   -0.95643849E-01,  ]

            # Thermal conductivity: not well tested, use with caution

         thermal conductivity:

            components:
               xx:   0.46348241E+01
               xy:   0.20741135E-02
               yy:   0.46348453E+01
               xz:   0.20356632E-02
               yz:   0.20917317E-02
               zz:   0.46346474E+01
               yx:   0.20741135E-02
               zx:   0.20356632E-02
               zy:   0.20917317E-02


            tensor:
               - [    0.46348241E+01,    0.20741135E-02,    0.20356632E-02,  ]
               - [    0.20741135E-02,    0.46348453E+01,    0.20917317E-02,  ]
               - [    0.20356632E-02,    0.20917317E-02,    0.46346474E+01,  ]

         number of iterations:    6

         iteration:

            1:

               conductivity:

                  components:
                     xx:   0.10627196E+07
                     xy:   0.20732698E+03
                     yy:   0.10627196E+07
                     xz:   0.20733105E+03
                     yz:   0.20732445E+03
                     zz:   0.10627196E+07
                     yx:   0.20732698E+03
                     zx:   0.20733105E+03
                     zy:   0.20732445E+03


                  tensor:
                     - [    0.10627196E+07,    0.20732698E+03,    0.20733105E+03,  ]
                     - [    0.20732698E+03,    0.10627196E+07,    0.20732445E+03,  ]
                     - [    0.20733105E+03,    0.20732445E+03,    0.10627196E+07,  ]

            2:

               conductivity:

                  components:
                     xx:   0.12720277E+07
                     xy:   0.76069526E+03
                     yy:   0.12719897E+07
                     xz:   0.71247437E+03
                     yz:   0.53379453E+03
                     zz:   0.12720233E+07
                     yx:   0.76069526E+03
                     zx:   0.71247437E+03
                     zy:   0.53379453E+03


                  tensor:
                     - [    0.12720277E+07,    0.76069526E+03,    0.71247437E+03,  ]
                     - [    0.76069526E+03,    0.12719897E+07,    0.53379453E+03,  ]
                     - [    0.71247437E+03,    0.53379453E+03,    0.12720233E+07,  ]

            3:

               conductivity:

                  components:
                     xx:   0.13252110E+07
                     xy:   0.98753908E+03
                     yy:   0.13251481E+07
                     xz:   0.90503812E+03
                     yz:   0.72445232E+03
                     zz:   0.13251751E+07
                     yx:   0.98753908E+03
                     zx:   0.90503812E+03
                     zy:   0.72445232E+03


                  tensor:
                     - [    0.13252110E+07,    0.98753908E+03,    0.90503812E+03,  ]
                     - [    0.98753908E+03,    0.13251481E+07,    0.72445232E+03,  ]
                     - [    0.90503812E+03,    0.72445232E+03,    0.13251751E+07,  ]

            4:

               conductivity:

                  components:
                     xx:   0.13373088E+07
                     xy:   0.10701563E+04
                     yy:   0.13372464E+07
                     xz:   0.96248722E+03
                     yz:   0.79880673E+03
                     zz:   0.13372464E+07
                     yx:   0.10701563E+04
                     zx:   0.96248722E+03
                     zy:   0.79880673E+03


                  tensor:
                     - [    0.13373088E+07,    0.10701563E+04,    0.96248722E+03,  ]
                     - [    0.10701563E+04,    0.13372464E+07,    0.79880673E+03,  ]
                     - [    0.96248722E+03,    0.79880673E+03,    0.13372464E+07,  ]

            5:

               conductivity:

                  components:
                     xx:   0.13404431E+07
                     xy:   0.10942097E+04
                     yy:   0.13403796E+07
                     xz:   0.97819349E+03
                     yz:   0.82459289E+03
                     zz:   0.13403705E+07
                     yx:   0.10942097E+04
                     zx:   0.97819349E+03
                     zy:   0.82459289E+03


                  tensor:
                     - [    0.13404431E+07,    0.10942097E+04,    0.97819349E+03,  ]
                     - [    0.10942097E+04,    0.13403796E+07,    0.82459289E+03,  ]
                     - [    0.97819349E+03,    0.82459289E+03,    0.13403705E+07,  ]

            6:

               conductivity:

                  components:
                     xx:   0.13411440E+07
                     xy:   0.11018875E+04
                     yy:   0.13410807E+07
                     xz:   0.98274133E+03
                     yz:   0.83261958E+03
                     zz:   0.13410677E+07
                     yx:   0.11018875E+04
                     zx:   0.98274133E+03
                     zy:   0.83261958E+03


                  tensor:
                     - [    0.13411440E+07,    0.11018875E+04,    0.98274133E+03,  ]
                     - [    0.11018875E+04,    0.13410807E+07,    0.83261958E+03,  ]
                     - [    0.98274133E+03,    0.83261958E+03,    0.13410677E+07,  ]

timings:

   time units: s

   PERTURBO:
      cpu:        70.25103300
      wall:        1.68536901
      calls:         1

   scat_setup:
      cpu:        47.33854000
      wall:        1.18828893
      calls:         1

   set_kq_pair:
      cpu:         0.52439700
      wall:        0.00826907
      calls:         1

   init_eph_wan:
      cpu:        11.89635400
      wall:        0.22763085
      calls:         1

   compute_g2:
      cpu:        29.51523000
      wall:        0.48617482
      calls:         1

   load_eph_g2:
      cpu:         5.23606100
      wall:        0.46351600
      calls:         1
...
