---
program: perturbo

start date and time:
   date: 25 July 2023
   time: "16:21:39"

parallelization:
   type: MPI+OpenMP
   number of MPI tasks:   8
   number of OpenMP threads:   8
   number of nodes:   1

input parameters:
   after conversion:
      band_max:                  10
      band_min:                   9
      boltz_de:           7.3498617648950546E-05
      boltz_efield:          [ 0.0000000000000000E+00,   0.0000000000000000E+00,   0.0000000000000000E+00,  ]
      boltz_emax:           7.3498617648950548E-01
      boltz_emin:           6.9823686766503024E-01
      boltz_init_dist:          
      boltz_init_e0:          -7.3491267787185654E+02
      boltz_init_smear:           1.4699723529790110E-03
      boltz_kdim:          [        80,          80,          80,  ]
      boltz_norm_dist:          False
      boltz_nstep:                  50
      boltz_qdim:          [        80,          80,          80,  ]
      calc_mode:          trans-ita
      cauchy_scale:           5.0000000745058060E-02
      debug:          False
      delta_smear:           5.8798894119160437E-04
      fklist:          
      fqlist:          
      ftemper:          gaas.temper
      full_ite:          True 
      hole:          False
      load_scatter_eph:          False
      nsamples:              100000
      output_nstep:                   1
      output_yaml:          True 
      phfreq_cutoff:           1.4699723529790109E-04
      polar_split:          
      prefix:          gaas
      sampling:          uniform
      solver:          rk4
      time_step:           2.0670686467503085E+01
      tmp_dir:          ./tmp/
      trans_thr:           2.0000000000000000E-03
      yaml_fname:          pert_output.yml

grid:
   number of  tetrahedra selected:       2184
   number of reducible k-points:        531
   number of irreducible k-points:         43


scatter parallelization:

   MPI task index:

      1:
         number of q-points:            1521
         number of (k,q) pairs:            6867

      2:
         number of q-points:            1554
         number of (k,q) pairs:            6864

      3:
         number of q-points:            1584
         number of (k,q) pairs:            6999

      4:
         number of q-points:            1561
         number of (k,q) pairs:            7431

      5:
         number of q-points:            1628
         number of (k,q) pairs:            7372

      6:
         number of q-points:            1608
         number of (k,q) pairs:            8077

      7:
         number of q-points:            1634
         number of (k,q) pairs:            8345

      8:
         number of q-points:            1615
         number of (k,q) pairs:            7765

trans:

   temperature units: K

   chemical potential units: eV

   concentration units: cm-3

   conductivity units: 1/Ohm/m

   mobility units: cm2/V/s

   Seebeck coefficient units: mV/K

   # Electronic contribution
   # Not well tested, use with caution
   thermal conductivity units: W/m/K

   # Configuration means one line in the temper file:
   # temperature efermi concentration
   number of configurations:   2

   configuration index:

      1:

         temperature: 100.00000

         chemical potential:   9.8000000000

         concentration:  0.1572652E+19

         conductivity:

            components:
               xx:   0.17045758E+08
               xy:   0.62115514E+05
               yy:   0.17045044E+08
               xz:   0.51028312E+05
               yz:   0.30949408E+05
               zz:   0.17044909E+08
               yx:   0.62115514E+05
               zx:   0.51028312E+05
               zy:   0.30949408E+05


            tensor:
               - [    0.17045758E+08,    0.62115514E+05,    0.51028312E+05,  ]
               - [    0.62115514E+05,    0.17045044E+08,    0.30949408E+05,  ]
               - [    0.51028312E+05,    0.30949408E+05,    0.17044909E+08,  ]

         mobility:

            components:
               xx:   0.67650810E+06
               xy:   0.24652262E+04
               yy:   0.67647977E+06
               xz:   0.20251999E+04
               yz:   0.12283129E+04
               zz:   0.67647442E+06
               yx:   0.24652262E+04
               zx:   0.20251999E+04
               zy:   0.12283129E+04


            tensor:
               - [    0.67650810E+06,    0.24652262E+04,    0.20251999E+04,  ]
               - [    0.24652262E+04,    0.67647977E+06,    0.12283129E+04,  ]
               - [    0.20251999E+04,    0.12283129E+04,    0.67647442E+06,  ]

         Seebeck coefficient:

            components:
               xx:  -0.11250452E+00
               xy:  -0.12578497E-03
               yy:  -0.11253058E+00
               xz:  -0.12303385E-03
               yz:   0.43056517E-07
               zz:  -0.11251352E+00
               yx:  -0.12578497E-03
               zx:  -0.12303385E-03
               zy:   0.43056517E-07


            tensor:
               - [   -0.11250452E+00,   -0.12578497E-03,   -0.12303385E-03,  ]
               - [   -0.12578497E-03,   -0.11253058E+00,    0.43056517E-07,  ]
               - [   -0.12303385E-03,    0.43056517E-07,   -0.11251352E+00,  ]

            # Thermal conductivity: not well tested, use with caution

         thermal conductivity:

            components:
               xx:   0.99607215E+01
               xy:   0.10838579E-01
               yy:   0.99612791E+01
               xz:   0.85011975E-02
               yz:   0.37067587E-02
               zz:   0.99603766E+01
               yx:   0.10838579E-01
               zx:   0.85011975E-02
               zy:   0.37067587E-02


            tensor:
               - [    0.99607215E+01,    0.10838579E-01,    0.85011975E-02,  ]
               - [    0.10838579E-01,    0.99612791E+01,    0.37067587E-02,  ]
               - [    0.85011975E-02,    0.37067587E-02,    0.99603766E+01,  ]

         number of iterations:    9

         iteration:

            1:

               conductivity:

                  components:
                     xx:   0.93675195E+07
                     xy:   0.60281786E+03
                     yy:   0.93675198E+07
                     xz:   0.60290689E+03
                     yz:   0.60302386E+03
                     zz:   0.93675200E+07
                     yx:   0.60281786E+03
                     zx:   0.60290689E+03
                     zy:   0.60302386E+03


                  tensor:
                     - [    0.93675195E+07,    0.60281786E+03,    0.60290689E+03,  ]
                     - [    0.60281786E+03,    0.93675198E+07,    0.60302386E+03,  ]
                     - [    0.60290689E+03,    0.60302386E+03,    0.93675200E+07,  ]

            2:

               conductivity:

                  components:
                     xx:   0.15329158E+08
                     xy:   0.22593174E+05
                     yy:   0.15330675E+08
                     xz:   0.19614747E+05
                     yz:   0.10166455E+05
                     zz:   0.15330233E+08
                     yx:   0.22593174E+05
                     zx:   0.19614747E+05
                     zy:   0.10166455E+05


                  tensor:
                     - [    0.15329158E+08,    0.22593174E+05,    0.19614747E+05,  ]
                     - [    0.22593174E+05,    0.15330675E+08,    0.10166455E+05,  ]
                     - [    0.19614747E+05,    0.10166455E+05,    0.15330233E+08,  ]

            3:

               conductivity:

                  components:
                     xx:   0.15882023E+08
                     xy:   0.47812888E+05
                     yy:   0.15884105E+08
                     xz:   0.40887031E+05
                     yz:   0.23747469E+05
                     zz:   0.15883077E+08
                     yx:   0.47812888E+05
                     zx:   0.40887031E+05
                     zy:   0.23747469E+05


                  tensor:
                     - [    0.15882023E+08,    0.47812888E+05,    0.40887031E+05,  ]
                     - [    0.47812888E+05,    0.15884105E+08,    0.23747469E+05,  ]
                     - [    0.40887031E+05,    0.23747469E+05,    0.15883077E+08,  ]

            4:

               conductivity:

                  components:
                     xx:   0.16947479E+08
                     xy:   0.51437419E+05
                     yy:   0.16947418E+08
                     xz:   0.42694065E+05
                     yz:   0.25446238E+05
                     zz:   0.16947246E+08
                     yx:   0.51437419E+05
                     zx:   0.42694065E+05
                     zy:   0.25446238E+05


                  tensor:
                     - [    0.16947479E+08,    0.51437419E+05,    0.42694065E+05,  ]
                     - [    0.51437419E+05,    0.16947418E+08,    0.25446238E+05,  ]
                     - [    0.42694065E+05,    0.25446238E+05,    0.16947246E+08,  ]

            5:

               conductivity:

                  components:
                     xx:   0.16845435E+08
                     xy:   0.60305523E+05
                     yy:   0.16845620E+08
                     xz:   0.50074506E+05
                     yz:   0.30013985E+05
                     zz:   0.16845167E+08
                     yx:   0.60305523E+05
                     zx:   0.50074506E+05
                     zy:   0.30013985E+05


                  tensor:
                     - [    0.16845435E+08,    0.60305523E+05,    0.50074506E+05,  ]
                     - [    0.60305523E+05,    0.16845620E+08,    0.30013985E+05,  ]
                     - [    0.50074506E+05,    0.30013985E+05,    0.16845167E+08,  ]

            6:

               conductivity:

                  components:
                     xx:   0.17077721E+08
                     xy:   0.59236251E+05
                     yy:   0.17076913E+08
                     xz:   0.48645883E+05
                     yz:   0.29498532E+05
                     zz:   0.17076853E+08
                     yx:   0.59236251E+05
                     zx:   0.48645883E+05
                     zy:   0.29498532E+05


                  tensor:
                     - [    0.17077721E+08,    0.59236251E+05,    0.48645883E+05,  ]
                     - [    0.59236251E+05,    0.17076913E+08,    0.29498532E+05,  ]
                     - [    0.48645883E+05,    0.29498532E+05,    0.17076853E+08,  ]

            7:

               conductivity:

                  components:
                     xx:   0.17011299E+08
                     xy:   0.62103818E+05
                     yy:   0.17010790E+08
                     xz:   0.51137060E+05
                     yz:   0.30929648E+05
                     zz:   0.17010567E+08
                     yx:   0.62103818E+05
                     zx:   0.51137060E+05
                     zy:   0.30929648E+05


                  tensor:
                     - [    0.17011299E+08,    0.62103818E+05,    0.51137060E+05,  ]
                     - [    0.62103818E+05,    0.17010790E+08,    0.30929648E+05,  ]
                     - [    0.51137060E+05,    0.30929648E+05,    0.17010567E+08,  ]

            8:

               conductivity:

                  components:
                     xx:   0.17070817E+08
                     xy:   0.61142815E+05
                     yy:   0.17069937E+08
                     xz:   0.50147231E+05
                     yz:   0.30476298E+05
                     zz:   0.17069870E+08
                     yx:   0.61142815E+05
                     zx:   0.50147231E+05
                     zy:   0.30476298E+05


                  tensor:
                     - [    0.17070817E+08,    0.61142815E+05,    0.50147231E+05,  ]
                     - [    0.61142815E+05,    0.17069937E+08,    0.30476298E+05,  ]
                     - [    0.50147231E+05,    0.30476298E+05,    0.17069870E+08,  ]

            9:

               conductivity:

                  components:
                     xx:   0.17045758E+08
                     xy:   0.62115514E+05
                     yy:   0.17045044E+08
                     xz:   0.51028312E+05
                     yz:   0.30949408E+05
                     zz:   0.17044909E+08
                     yx:   0.62115514E+05
                     zx:   0.51028312E+05
                     zy:   0.30949408E+05


                  tensor:
                     - [    0.17045758E+08,    0.62115514E+05,    0.51028312E+05,  ]
                     - [    0.62115514E+05,    0.17045044E+08,    0.30949408E+05,  ]
                     - [    0.51028312E+05,    0.30949408E+05,    0.17044909E+08,  ]

      2:

         temperature: 300.00000

         chemical potential:   9.8000000000

         concentration:  0.2005268E+19

         conductivity:

            components:
               xx:   0.13409229E+07
               xy:   0.10974800E+04
               yy:   0.13410829E+07
               xz:   0.96177158E+03
               yz:   0.76981670E+03
               zz:   0.13410963E+07
               yx:   0.10974800E+04
               zx:   0.96177158E+03
               zy:   0.76981670E+03


            tensor:
               - [    0.13409229E+07,    0.10974800E+04,    0.96177158E+03,  ]
               - [    0.10974800E+04,    0.13410829E+07,    0.76981670E+03,  ]
               - [    0.96177158E+03,    0.76981670E+03,    0.13410963E+07,  ]

         mobility:

            components:
               xx:   0.41736960E+05
               xy:   0.34159666E+02
               yy:   0.41741942E+05
               xz:   0.29935668E+02
               yz:   0.23960967E+02
               zz:   0.41742359E+05
               yx:   0.34159666E+02
               zx:   0.29935668E+02
               zy:   0.23960967E+02


            tensor:
               - [    0.41736960E+05,    0.34159666E+02,    0.29935668E+02,  ]
               - [    0.34159666E+02,    0.41741942E+05,    0.23960967E+02,  ]
               - [    0.29935668E+02,    0.23960967E+02,    0.41742359E+05,  ]

         Seebeck coefficient:

            components:
               xx:  -0.95644472E-01
               xy:   0.44461243E-06
               yy:  -0.95647162E-01
               xz:  -0.69027311E-05
               yz:  -0.99030829E-06
               zz:  -0.95642671E-01
               yx:   0.44461243E-06
               zx:  -0.69027311E-05
               zy:  -0.99030829E-06


            tensor:
               - [   -0.95644472E-01,    0.44461243E-06,   -0.69027311E-05,  ]
               - [    0.44461243E-06,   -0.95647162E-01,   -0.99030829E-06,  ]
               - [   -0.69027311E-05,   -0.99030829E-06,   -0.95642671E-01,  ]

            # Thermal conductivity: not well tested, use with caution

         thermal conductivity:

            components:
               xx:   0.46347924E+01
               xy:   0.21111168E-02
               yy:   0.46347004E+01
               xz:   0.19780406E-02
               yz:   0.19490644E-02
               zz:   0.46345937E+01
               yx:   0.21111168E-02
               zx:   0.19780406E-02
               zy:   0.19490644E-02


            tensor:
               - [    0.46347924E+01,    0.21111168E-02,    0.19780406E-02,  ]
               - [    0.21111168E-02,    0.46347004E+01,    0.19490644E-02,  ]
               - [    0.19780406E-02,    0.19490644E-02,    0.46345937E+01,  ]

         number of iterations:    6

         iteration:

            1:

               conductivity:

                  components:
                     xx:   0.10627195E+07
                     xy:   0.20731255E+03
                     yy:   0.10627195E+07
                     xz:   0.20732088E+03
                     yz:   0.20733321E+03
                     zz:   0.10627196E+07
                     yx:   0.20731255E+03
                     zx:   0.20732088E+03
                     zy:   0.20733321E+03


                  tensor:
                     - [    0.10627195E+07,    0.20731255E+03,    0.20732088E+03,  ]
                     - [    0.20731255E+03,    0.10627195E+07,    0.20733321E+03,  ]
                     - [    0.20732088E+03,    0.20733321E+03,    0.10627196E+07,  ]

            2:

               conductivity:

                  components:
                     xx:   0.12719419E+07
                     xy:   0.76413890E+03
                     yy:   0.12720753E+07
                     xz:   0.70195775E+03
                     yz:   0.54658611E+03
                     zz:   0.12720507E+07
                     yx:   0.76413890E+03
                     zx:   0.70195775E+03
                     zy:   0.54658611E+03


                  tensor:
                     - [    0.12719419E+07,    0.76413890E+03,    0.70195775E+03,  ]
                     - [    0.76413890E+03,    0.12720753E+07,    0.54658611E+03,  ]
                     - [    0.70195775E+03,    0.54658611E+03,    0.12720507E+07,  ]

            3:

               conductivity:

                  components:
                     xx:   0.13250468E+07
                     xy:   0.98374137E+03
                     yy:   0.13252100E+07
                     xz:   0.88219958E+03
                     yz:   0.69845164E+03
                     zz:   0.13252045E+07
                     yx:   0.98374137E+03
                     zx:   0.88219958E+03
                     zy:   0.69845164E+03


                  tensor:
                     - [    0.13250468E+07,    0.98374137E+03,    0.88219958E+03,  ]
                     - [    0.98374137E+03,    0.13252100E+07,    0.69845164E+03,  ]
                     - [    0.88219958E+03,    0.69845164E+03,    0.13252045E+07,  ]

            4:

               conductivity:

                  components:
                     xx:   0.13371072E+07
                     xy:   0.10659292E+04
                     yy:   0.13372702E+07
                     xz:   0.94080206E+03
                     yz:   0.74902182E+03
                     zz:   0.13372762E+07
                     yx:   0.10659292E+04
                     zx:   0.94080206E+03
                     zy:   0.74902182E+03


                  tensor:
                     - [    0.13371072E+07,    0.10659292E+04,    0.94080206E+03,  ]
                     - [    0.10659292E+04,    0.13372702E+07,    0.74902182E+03,  ]
                     - [    0.94080206E+03,    0.74902182E+03,    0.13372762E+07,  ]

            5:

               conductivity:

                  components:
                     xx:   0.13402268E+07
                     xy:   0.10896964E+04
                     yy:   0.13403877E+07
                     xz:   0.95681053E+03
                     yz:   0.76497753E+03
                     zz:   0.13403994E+07
                     yx:   0.10896964E+04
                     zx:   0.95681053E+03
                     zy:   0.76497753E+03


                  tensor:
                     - [    0.13402268E+07,    0.10896964E+04,    0.95681053E+03,  ]
                     - [    0.10896964E+04,    0.13403877E+07,    0.76497753E+03,  ]
                     - [    0.95681053E+03,    0.76497753E+03,    0.13403994E+07,  ]

            6:

               conductivity:

                  components:
                     xx:   0.13409229E+07
                     xy:   0.10974800E+04
                     yy:   0.13410829E+07
                     xz:   0.96177158E+03
                     yz:   0.76981670E+03
                     zz:   0.13410963E+07
                     yx:   0.10974800E+04
                     zx:   0.96177158E+03
                     zy:   0.76981670E+03


                  tensor:
                     - [    0.13409229E+07,    0.10974800E+04,    0.96177158E+03,  ]
                     - [    0.10974800E+04,    0.13410829E+07,    0.76981670E+03,  ]
                     - [    0.96177158E+03,    0.76981670E+03,    0.13410963E+07,  ]

timings:

   time units: s

   PERTURBO:
      cpu:         5.33489700
      wall:        0.73937106
      calls:         1

   scat_setup:
      cpu:         3.95188300
      wall:        0.52412295
      calls:         1

   set_kq_pair:
      cpu:         0.88169700
      wall:        0.11035800
      calls:         1

   init_eph_wan:
      cpu:         0.95215400
      wall:        0.13606811
      calls:         1

   compute_g2:
      cpu:         1.73528100
      wall:        0.22466207
      calls:         1

   load_eph_g2:
      cpu:         0.29452400
      wall:        0.04184103
      calls:         1
...
