---
program: perturbo

start date and time:
   date: 11 August 2023
   time: "15:23:10"

parallelization:
   type: MPI+OpenMP
   number of MPI tasks:   8
   number of OpenMP threads:   8
   number of nodes:   1

input parameters:
   after conversion:
      band_max:                  10
      band_min:                   9
      boltz_acc_thr:           0.0000000000000000E+00
      boltz_de:           7.3498617648950546E-05
      boltz_efield:          [ 0.0000000000000000E+00,   0.0000000000000000E+00,   0.0000000000000000E+00,  ]
      boltz_emax:           7.3498617648950548E-01
      boltz_emin:           6.9823686766503024E-01
      boltz_init_dist:          
      boltz_init_e0:          -7.3491267787185654E+02
      boltz_init_smear:           1.4699723529790110E-03
      boltz_kdim:          [        80,          80,          80,  ]
      boltz_norm_dist:          False
      boltz_nstep:                  50
      boltz_nstep_min:                   1
      boltz_qdim:          [        80,          80,          80,  ]
      calc_mode:          trans-ita
      cauchy_scale:           5.0000000745058060E-02
      debug:          False
      delta_smear:           5.8798894119160437E-04
      fklist:          
      fqlist:          
      ftemper:          gaas.temper
      full_ite:          True 
      hole:          False
      load_scatter_eph:          False
      nsamples:              100000
      output_nstep:                   1
      output_yaml:          True 
      phfreq_cutoff:           1.4699723529790109E-04
      polar_split:          
      prefix:          gaas
      sampling:          uniform
      solver:          rk4
      time_step:           2.0670686467503085E+01
      tmp_dir:          ./tmp/
      trans_thr:           2.0000000000000000E-03
      yaml_fname:          pert_output.yml


basic data:
   alat:          10.5700000000
   alat units:       bohr
   # a vector is a row
   lattice vectors:
         - [  -0.50000,     0.00000,     0.50000,  ]
         - [   0.00000,     0.50000,     0.50000,  ]
         - [  -0.50000,     0.50000,     0.00000,  ]
   lattice vectors units:       alat
   reciprocal lattice vectors:
   # a vector is a row
         - [  -1.00000,    -1.00000,     1.00000,  ]
         - [   1.00000,     1.00000,     1.00000,  ]
         - [  -1.00000,     1.00000,    -1.00000,  ]
   reciprocal lattice vectors units:       2pi/alat
   number of atoms in unit cell:                2
   atomic positions:
   # a vector is a row
         - [   0.25000,     0.25000,     0.25000,  ]
         - [   0.00000,     0.00000,     0.00000,  ]
   atomic positions units:       alat
   volume:         295.2330482500
   volume units:       bohr^3
   number of symmetry operations:               24
   symop:
      1:
         - [    1,      0,      0,  ]
         - [    0,      1,      0,  ]
         - [    0,      0,      1,  ]
      2:
         - [    0,      1,      0,  ]
         - [    1,      0,      0,  ]
         - [   -1,     -1,     -1,  ]
      3:
         - [   -1,     -1,     -1,  ]
         - [    0,      0,      1,  ]
         - [    0,      1,      0,  ]
      4:
         - [    0,      0,      1,  ]
         - [   -1,     -1,     -1,  ]
         - [    1,      0,      0,  ]
      5:
         - [   -1,     -1,     -1,  ]
         - [    0,      1,      0,  ]
         - [    1,      0,      0,  ]
      6:
         - [    0,      0,      1,  ]
         - [    1,      0,      0,  ]
         - [    0,      1,      0,  ]
      7:
         - [    1,      0,      0,  ]
         - [    0,      0,      1,  ]
         - [   -1,     -1,     -1,  ]
      8:
         - [    0,      1,      0,  ]
         - [   -1,     -1,     -1,  ]
         - [    0,      0,      1,  ]
      9:
         - [    0,      0,      1,  ]
         - [    0,      1,      0,  ]
         - [   -1,     -1,     -1,  ]
      10:
         - [   -1,     -1,     -1,  ]
         - [    1,      0,      0,  ]
         - [    0,      0,      1,  ]
      11:
         - [    0,      1,      0,  ]
         - [    0,      0,      1,  ]
         - [    1,      0,      0,  ]
      12:
         - [    1,      0,      0,  ]
         - [   -1,     -1,     -1,  ]
         - [    0,      1,      0,  ]
      13:
         - [    0,      1,      0,  ]
         - [    1,      0,      0,  ]
         - [    0,      0,      1,  ]
      14:
         - [    1,      0,      0,  ]
         - [    0,      1,      0,  ]
         - [   -1,     -1,     -1,  ]
      15:
         - [    0,      0,      1,  ]
         - [   -1,     -1,     -1,  ]
         - [    0,      1,      0,  ]
      16:
         - [   -1,     -1,     -1,  ]
         - [    0,      0,      1,  ]
         - [    1,      0,      0,  ]
      17:
         - [    1,      0,      0,  ]
         - [    0,      0,      1,  ]
         - [    0,      1,      0,  ]
      18:
         - [   -1,     -1,     -1,  ]
         - [    0,      1,      0,  ]
         - [    0,      0,      1,  ]
      19:
         - [    0,      1,      0,  ]
         - [   -1,     -1,     -1,  ]
         - [    1,      0,      0,  ]
      20:
         - [    0,      0,      1,  ]
         - [    1,      0,      0,  ]
         - [   -1,     -1,     -1,  ]
      21:
         - [    1,      0,      0,  ]
         - [   -1,     -1,     -1,  ]
         - [    0,      0,      1,  ]
      22:
         - [    0,      0,      1,  ]
         - [    0,      1,      0,  ]
         - [    1,      0,      0,  ]
      23:
         - [    0,      1,      0,  ]
         - [    0,      0,      1,  ]
         - [   -1,     -1,     -1,  ]
      24:
         - [   -1,     -1,     -1,  ]
         - [    1,      0,      0,  ]
         - [    0,      1,      0,  ]
   kc dimensions:
         - [      2,        2,        2,  ]
   spinor:       True 
   polar_alpha:           1.0000000000
   epsil:
   # a vector is a row
         - [     59.47522708,       -0.00000000,        0.00000000,  ]
         - [     -0.00000000,       59.47522708,       -0.00000000,  ]
         - [      0.00000000,       -0.00000000,       59.47522708,  ]
   qc dimensions:
         - [      2,        2,        2,  ]
   mass:
      -       68287.22558219
      -       63548.62696226
   mass units:       atomic
   zstar:
      1:
         - [  -2.45173,    -0.00000,     0.00000,  ]
         - [  -0.00000,    -2.45173,    -0.00000,  ]
         - [  -0.00000,    -0.00000,    -2.45173,  ]
      2:
         - [   2.45173,     0.00000,    -0.00000,  ]
         - [  -0.00000,     2.45173,     0.00000,  ]
         - [  -0.00000,     0.00000,     2.45173,  ]
   system_2d:       False
   number of Wannier functions:               16
   wannier_center:
   # a vector is a row
         - [   0.31925,     0.31925,     0.31925,  ]
         - [   0.31925,     0.31925,     0.31925,  ]
         - [   0.31925,     0.18075,     0.18075,  ]
         - [   0.31925,     0.18075,     0.18075,  ]
         - [   0.18075,     0.31925,     0.18075,  ]
         - [   0.18075,     0.31925,     0.18075,  ]
         - [   0.18075,     0.18075,     0.31925,  ]
         - [   0.18075,     0.18075,     0.31925,  ]
         - [   0.04586,     0.04586,     0.04586,  ]
         - [   0.04586,     0.04586,     0.04586,  ]
         - [   0.04586,    -0.04586,    -0.04586,  ]
         - [   0.04586,    -0.04586,    -0.04586,  ]
         - [  -0.04586,     0.04586,    -0.04586,  ]
         - [  -0.04586,     0.04586,    -0.04586,  ]
         - [  -0.04586,    -0.04586,     0.04586,  ]
         - [  -0.04586,    -0.04586,     0.04586,  ]
   wannier_center units: cartesian
   wannier_center_cryst:
   # a vector is a row
         - [  -0.31925,     0.95776,    -0.31925,  ]
         - [  -0.31925,     0.95776,    -0.31925,  ]
         - [  -0.31925,     0.68075,    -0.31925,  ]
         - [  -0.31925,     0.68075,    -0.31925,  ]
         - [  -0.31925,     0.68075,    -0.04224,  ]
         - [  -0.31925,     0.68075,    -0.04224,  ]
         - [  -0.04224,     0.68075,    -0.31925,  ]
         - [  -0.04224,     0.68075,    -0.31925,  ]
         - [  -0.04586,     0.13759,    -0.04586,  ]
         - [  -0.04586,     0.13759,    -0.04586,  ]
         - [  -0.04586,    -0.04586,    -0.04586,  ]
         - [  -0.04586,    -0.04586,    -0.04586,  ]
         - [  -0.04586,    -0.04586,     0.13759,  ]
         - [  -0.04586,    -0.04586,     0.13759,  ]
         - [   0.13759,    -0.04586,    -0.04586,  ]
         - [   0.13759,    -0.04586,    -0.04586,  ]
   wannier_center_cryst units: crystal

grid:
   number of  tetrahedra selected:       2184
   number of reducible k-points:        531
   number of irreducible k-points:         43


scatter parallelization:

   MPI task index:

      1:
         number of q-points:            1510
         number of (k,q) pairs:            6642

      2:
         number of q-points:            1553
         number of (k,q) pairs:            6692

      3:
         number of q-points:            1581
         number of (k,q) pairs:            6809

      4:
         number of q-points:            1558
         number of (k,q) pairs:            7228

      5:
         number of q-points:            1617
         number of (k,q) pairs:            7139

      6:
         number of q-points:            1603
         number of (k,q) pairs:            7823

      7:
         number of q-points:            1631
         number of (k,q) pairs:            8098

      8:
         number of q-points:            1609
         number of (k,q) pairs:            7441

trans:

   temperature units: K

   chemical potential units: eV

   concentration units: cm-3

   conductivity units: 1/Ohm/m

   mobility units: cm2/V/s

   Seebeck coefficient units: mV/K

   # Electronic contribution
   # Not well tested, use with caution
   thermal conductivity units: W/m/K

   # Configuration means one line in the temper file:
   # temperature efermi concentration
   number of configurations:   2

   configuration index:

      1:

         temperature: 100.00000

         chemical potential:   9.8000000000

         concentration:  0.1492173E+19

         conductivity:

            components:
               xx:   0.17361719E+08
               xy:   0.63865478E+05
               yy:   0.17362377E+08
               xz:   0.53033572E+05
               yz:   0.30877271E+05
               zz:   0.17359743E+08
               yx:   0.63865478E+05
               zx:   0.53033572E+05
               zy:   0.30877271E+05


            tensor:
               - [    0.17361719E+08,    0.63865478E+05,    0.53033572E+05,  ]
               - [    0.63865478E+05,    0.17362377E+08,    0.30877271E+05,  ]
               - [    0.53033572E+05,    0.30877271E+05,    0.17359743E+08,  ]

         mobility:

            components:
               xx:   0.72621133E+06
               xy:   0.26713848E+04
               yy:   0.72623884E+06
               xz:   0.22183045E+04
               yz:   0.12915440E+04
               zz:   0.72612867E+06
               yx:   0.26713848E+04
               zx:   0.22183045E+04
               zy:   0.12915440E+04


            tensor:
               - [    0.72621133E+06,    0.26713848E+04,    0.22183045E+04,  ]
               - [    0.26713848E+04,    0.72623884E+06,    0.12915440E+04,  ]
               - [    0.22183045E+04,    0.12915440E+04,    0.72612867E+06,  ]

         Seebeck coefficient:

            components:
               xx:  -0.12990161E+00
               xy:  -0.18445085E-03
               yy:  -0.12991036E+00
               xz:  -0.13989432E-03
               yz:  -0.18471571E-04
               zz:  -0.12989742E+00
               yx:  -0.18445085E-03
               zx:  -0.13989432E-03
               zy:  -0.18471571E-04


            tensor:
               - [   -0.12990161E+00,   -0.18445085E-03,   -0.13989432E-03,  ]
               - [   -0.18445085E-03,   -0.12991036E+00,   -0.18471571E-04,  ]
               - [   -0.13989432E-03,   -0.18471571E-04,   -0.12989742E+00,  ]

            # Thermal conductivity: not well tested, use with caution

         thermal conductivity:

            components:
               xx:   0.10089742E+02
               xy:   0.10339691E-01
               yy:   0.10090372E+02
               xz:   0.70648646E-02
               yz:   0.30817411E-02
               zz:   0.10089316E+02
               yx:   0.10339691E-01
               zx:   0.70648646E-02
               zy:   0.30817411E-02


            tensor:
               - [    0.10089742E+02,    0.10339691E-01,    0.70648646E-02,  ]
               - [    0.10339691E-01,    0.10090372E+02,    0.30817411E-02,  ]
               - [    0.70648646E-02,    0.30817411E-02,    0.10089316E+02,  ]

         number of iterations:   10

         iteration:

            1:

               conductivity:

                  components:
                     xx:   0.91601996E+07
                     xy:   0.52228839E+03
                     yy:   0.91601996E+07
                     xz:   0.52230720E+03
                     yz:   0.52250698E+03
                     zz:   0.91601997E+07
                     yx:   0.52228839E+03
                     zx:   0.52230720E+03
                     zy:   0.52250698E+03


                  tensor:
                     - [    0.91601996E+07,    0.52228839E+03,    0.52230720E+03,  ]
                     - [    0.52228839E+03,    0.91601996E+07,    0.52250698E+03,  ]
                     - [    0.52230720E+03,    0.52250698E+03,    0.91601997E+07,  ]

            2:

               conductivity:

                  components:
                     xx:   0.15522580E+08
                     xy:   0.20457167E+05
                     yy:   0.15523188E+08
                     xz:   0.16606088E+05
                     yz:   0.97980834E+04
                     zz:   0.15522080E+08
                     yx:   0.20457167E+05
                     zx:   0.16606088E+05
                     zy:   0.97980834E+04


                  tensor:
                     - [    0.15522580E+08,    0.20457167E+05,    0.16606088E+05,  ]
                     - [    0.20457167E+05,    0.15523188E+08,    0.97980834E+04,  ]
                     - [    0.16606088E+05,    0.97980834E+04,    0.15522080E+08,  ]

            3:

               conductivity:

                  components:
                     xx:   0.15994198E+08
                     xy:   0.48515448E+05
                     yy:   0.15995650E+08
                     xz:   0.41270718E+05
                     yz:   0.23766425E+05
                     zz:   0.15993097E+08
                     yx:   0.48515448E+05
                     zx:   0.41270718E+05
                     zy:   0.23766425E+05


                  tensor:
                     - [    0.15994198E+08,    0.48515448E+05,    0.41270718E+05,  ]
                     - [    0.48515448E+05,    0.15995650E+08,    0.23766425E+05,  ]
                     - [    0.41270718E+05,    0.23766425E+05,    0.15993097E+08,  ]

            4:

               conductivity:

                  components:
                     xx:   0.17244954E+08
                     xy:   0.51498669E+05
                     yy:   0.17245388E+08
                     xz:   0.42726942E+05
                     yz:   0.25125784E+05
                     zz:   0.17243396E+08
                     yx:   0.51498669E+05
                     zx:   0.42726942E+05
                     zy:   0.25125784E+05


                  tensor:
                     - [    0.17244954E+08,    0.51498669E+05,    0.42726942E+05,  ]
                     - [    0.51498669E+05,    0.17245388E+08,    0.25125784E+05,  ]
                     - [    0.42726942E+05,    0.25125784E+05,    0.17243396E+08,  ]

            5:

               conductivity:

                  components:
                     xx:   0.17083566E+08
                     xy:   0.62531305E+05
                     yy:   0.17084673E+08
                     xz:   0.52347331E+05
                     yz:   0.30265992E+05
                     zz:   0.17081803E+08
                     yx:   0.62531305E+05
                     zx:   0.52347331E+05
                     zy:   0.30265992E+05


                  tensor:
                     - [    0.17083566E+08,    0.62531305E+05,    0.52347331E+05,  ]
                     - [    0.62531305E+05,    0.17084673E+08,    0.30265992E+05,  ]
                     - [    0.52347331E+05,    0.30265992E+05,    0.17081803E+08,  ]

            6:

               conductivity:

                  components:
                     xx:   0.17386373E+08
                     xy:   0.60686810E+05
                     yy:   0.17386873E+08
                     xz:   0.50328168E+05
                     yz:   0.29420480E+05
                     zz:   0.17384449E+08
                     yx:   0.60686810E+05
                     zx:   0.50328168E+05
                     zy:   0.29420480E+05


                  tensor:
                     - [    0.17386373E+08,    0.60686810E+05,    0.50328168E+05,  ]
                     - [    0.60686810E+05,    0.17386873E+08,    0.29420480E+05,  ]
                     - [    0.50328168E+05,    0.29420480E+05,    0.17384449E+08,  ]

            7:

               conductivity:

                  components:
                     xx:   0.17288259E+08
                     xy:   0.64654786E+05
                     yy:   0.17289145E+08
                     xz:   0.53855057E+05
                     yz:   0.31221579E+05
                     zz:   0.17286319E+08
                     yx:   0.64654786E+05
                     zx:   0.53855057E+05
                     zy:   0.31221579E+05


                  tensor:
                     - [    0.17288259E+08,    0.64654786E+05,    0.53855057E+05,  ]
                     - [    0.64654786E+05,    0.17289145E+08,    0.31221579E+05,  ]
                     - [    0.53855057E+05,    0.31221579E+05,    0.17286319E+08,  ]

            8:

               conductivity:

                  components:
                     xx:   0.17374123E+08
                     xy:   0.63141362E+05
                     yy:   0.17374723E+08
                     xz:   0.52400134E+05
                     yz:   0.30545765E+05
                     zz:   0.17372135E+08
                     yx:   0.63141362E+05
                     zx:   0.52400134E+05
                     zy:   0.30545765E+05


                  tensor:
                     - [    0.17374123E+08,    0.63141362E+05,    0.52400134E+05,  ]
                     - [    0.63141362E+05,    0.17374723E+08,    0.30545765E+05,  ]
                     - [    0.52400134E+05,    0.30545765E+05,    0.17372135E+08,  ]

            9:

               conductivity:

                  components:
                     xx:   0.17334996E+08
                     xy:   0.64629818E+05
                     yy:   0.17335779E+08
                     xz:   0.53745745E+05
                     yz:   0.31211987E+05
                     zz:   0.17333029E+08
                     yx:   0.64629818E+05
                     zx:   0.53745745E+05
                     zy:   0.31211987E+05


                  tensor:
                     - [    0.17334996E+08,    0.64629818E+05,    0.53745745E+05,  ]
                     - [    0.64629818E+05,    0.17335779E+08,    0.31211987E+05,  ]
                     - [    0.53745745E+05,    0.31211987E+05,    0.17333029E+08,  ]

            10:

               conductivity:

                  components:
                     xx:   0.17361719E+08
                     xy:   0.63865478E+05
                     yy:   0.17362377E+08
                     xz:   0.53033572E+05
                     yz:   0.30877271E+05
                     zz:   0.17359743E+08
                     yx:   0.63865478E+05
                     zx:   0.53033572E+05
                     zy:   0.30877271E+05


                  tensor:
                     - [    0.17361719E+08,    0.63865478E+05,    0.53033572E+05,  ]
                     - [    0.63865478E+05,    0.17362377E+08,    0.30877271E+05,  ]
                     - [    0.53033572E+05,    0.30877271E+05,    0.17359743E+08,  ]

      2:

         temperature: 300.00000

         chemical potential:   9.8000000000

         concentration:  0.1902822E+19

         conductivity:

            components:
               xx:   0.13476801E+07
               xy:   0.10897320E+04
               yy:   0.13477321E+07
               xz:   0.10441173E+04
               yz:   0.69975367E+03
               zz:   0.13476634E+07
               yx:   0.10897320E+04
               zx:   0.10441173E+04
               zy:   0.69975367E+03


            tensor:
               - [    0.13476801E+07,    0.10897320E+04,    0.10441173E+04,  ]
               - [    0.10897320E+04,    0.13477321E+07,    0.69975367E+03,  ]
               - [    0.10441173E+04,    0.69975367E+03,    0.13476634E+07,  ]

         mobility:

            components:
               xx:   0.44205677E+05
               xy:   0.35744641E+02
               yy:   0.44207384E+05
               xz:   0.34248418E+02
               yz:   0.22952840E+02
               zz:   0.44205130E+05
               yx:   0.35744641E+02
               zx:   0.34248418E+02
               zy:   0.22952840E+02


            tensor:
               - [    0.44205677E+05,    0.35744641E+02,    0.34248418E+02,  ]
               - [    0.35744641E+02,    0.44207384E+05,    0.22952840E+02,  ]
               - [    0.34248418E+02,    0.22952840E+02,    0.44205130E+05,  ]

         Seebeck coefficient:

            components:
               xx:  -0.99385510E-01
               xy:  -0.14347073E-04
               yy:  -0.99386109E-01
               xz:  -0.62494668E-05
               yz:  -0.13181557E-05
               zz:  -0.99385022E-01
               yx:  -0.14347073E-04
               zx:  -0.62494668E-05
               zy:  -0.13181557E-05


            tensor:
               - [   -0.99385510E-01,   -0.14347073E-04,   -0.62494668E-05,  ]
               - [   -0.14347073E-04,   -0.99386109E-01,   -0.13181557E-05,  ]
               - [   -0.62494668E-05,   -0.13181557E-05,   -0.99385022E-01,  ]

            # Thermal conductivity: not well tested, use with caution

         thermal conductivity:

            components:
               xx:   0.45391637E+01
               xy:   0.18145523E-02
               yy:   0.45392203E+01
               xz:   0.17431258E-02
               yz:   0.18208485E-02
               zz:   0.45390724E+01
               yx:   0.18145523E-02
               zx:   0.17431258E-02
               zy:   0.18208485E-02


            tensor:
               - [    0.45391637E+01,    0.18145523E-02,    0.17431258E-02,  ]
               - [    0.18145523E-02,    0.45392203E+01,    0.18208485E-02,  ]
               - [    0.17431258E-02,    0.18208485E-02,    0.45390724E+01,  ]

         number of iterations:    6

         iteration:

            1:

               conductivity:

                  components:
                     xx:   0.10545941E+07
                     xy:   0.18064470E+03
                     yy:   0.10545941E+07
                     xz:   0.18064523E+03
                     yz:   0.18067047E+03
                     zz:   0.10545941E+07
                     yx:   0.18064470E+03
                     zx:   0.18064523E+03
                     zy:   0.18067047E+03


                  tensor:
                     - [    0.10545941E+07,    0.18064470E+03,    0.18064523E+03,  ]
                     - [    0.18064470E+03,    0.10545941E+07,    0.18067047E+03,  ]
                     - [    0.18064523E+03,    0.18067047E+03,    0.10545941E+07,  ]

            2:

               conductivity:

                  components:
                     xx:   0.12722545E+07
                     xy:   0.72312992E+03
                     yy:   0.12722845E+07
                     xz:   0.70409849E+03
                     yz:   0.48068449E+03
                     zz:   0.12722447E+07
                     yx:   0.72312992E+03
                     zx:   0.70409849E+03
                     zy:   0.48068449E+03


                  tensor:
                     - [    0.12722545E+07,    0.72312992E+03,    0.70409849E+03,  ]
                     - [    0.72312992E+03,    0.12722845E+07,    0.48068449E+03,  ]
                     - [    0.70409849E+03,    0.48068449E+03,    0.12722447E+07,  ]

            3:

               conductivity:

                  components:
                     xx:   0.13295667E+07
                     xy:   0.95700295E+03
                     yy:   0.13296034E+07
                     xz:   0.92809702E+03
                     yz:   0.62739718E+03
                     zz:   0.13295522E+07
                     yx:   0.95700295E+03
                     zx:   0.92809702E+03
                     zy:   0.62739718E+03


                  tensor:
                     - [    0.13295667E+07,    0.95700295E+03,    0.92809702E+03,  ]
                     - [    0.95700295E+03,    0.13296034E+07,    0.62739718E+03,  ]
                     - [    0.92809702E+03,    0.62739718E+03,    0.13295522E+07,  ]

            4:

               conductivity:

                  components:
                     xx:   0.13431736E+07
                     xy:   0.10509068E+04
                     yy:   0.13432213E+07
                     xz:   0.10099708E+04
                     yz:   0.67796489E+03
                     zz:   0.13431575E+07
                     yx:   0.10509068E+04
                     zx:   0.10099708E+04
                     zy:   0.67796489E+03


                  tensor:
                     - [    0.13431736E+07,    0.10509068E+04,    0.10099708E+04,  ]
                     - [    0.10509068E+04,    0.13432213E+07,    0.67796489E+03,  ]
                     - [    0.10099708E+04,    0.67796489E+03,    0.13431575E+07,  ]

            5:

               conductivity:

                  components:
                     xx:   0.13468270E+07
                     xy:   0.10797699E+04
                     yy:   0.13468776E+07
                     xz:   0.10357030E+04
                     yz:   0.69460683E+03
                     zz:   0.13468105E+07
                     yx:   0.10797699E+04
                     zx:   0.10357030E+04
                     zy:   0.69460683E+03


                  tensor:
                     - [    0.13468270E+07,    0.10797699E+04,    0.10357030E+04,  ]
                     - [    0.10797699E+04,    0.13468776E+07,    0.69460683E+03,  ]
                     - [    0.10357030E+04,    0.69460683E+03,    0.13468105E+07,  ]

            6:

               conductivity:

                  components:
                     xx:   0.13476801E+07
                     xy:   0.10897320E+04
                     yy:   0.13477321E+07
                     xz:   0.10441173E+04
                     yz:   0.69975367E+03
                     zz:   0.13476634E+07
                     yx:   0.10897320E+04
                     zx:   0.10441173E+04
                     zy:   0.69975367E+03


                  tensor:
                     - [    0.13476801E+07,    0.10897320E+04,    0.10441173E+04,  ]
                     - [    0.10897320E+04,    0.13477321E+07,    0.69975367E+03,  ]
                     - [    0.10441173E+04,    0.69975367E+03,    0.13476634E+07,  ]

timings:

   time units: s

   PERTURBO:
      cpu:         5.68843400
      wall:        0.82183719
      calls:         1

   scat_setup:
      cpu:         4.28984100
      wall:        0.56810594
      calls:         1

   set_kq_pair:
      cpu:         0.79439400
      wall:        0.09947896
      calls:         1

   init_eph_wan:
      cpu:         1.06989500
      wall:        0.15233207
      calls:         1

   compute_g2:
      cpu:         1.88066400
      wall:        0.24221706
      calls:         1

   load_eph_g2:
      cpu:         0.34782600
      wall:        0.04900908
      calls:         1
...
