---
program: perturbo

start date and time:
   date: 25 July 2023
   time: "16:21:38"

parallelization:
   type: MPI+OpenMP
   number of MPI tasks:   8
   number of OpenMP threads:   8
   number of nodes:   1

input parameters:
   after conversion:
      band_max:                  10
      band_min:                   9
      boltz_de:           7.3498617648950546E-05
      boltz_efield:          [ 0.0000000000000000E+00,   0.0000000000000000E+00,   0.0000000000000000E+00,  ]
      boltz_emax:           7.6438562354908568E-01
      boltz_emin:           6.9823686766503024E-01
      boltz_init_dist:          
      boltz_init_e0:          -7.3491267787185654E+02
      boltz_init_smear:           1.4699723529790110E-03
      boltz_kdim:          [        10,          10,          10,  ]
      boltz_norm_dist:          False
      boltz_nstep:                   0
      boltz_qdim:          [        10,          10,          10,  ]
      calc_mode:          trans-rta
      cauchy_scale:           5.0000000745058060E-02
      debug:          False
      delta_smear:           7.3498617648950549E-04
      fklist:          
      fqlist:          
      ftemper:          gaas.temper
      full_ite:          True 
      hole:          False
      load_scatter_eph:          False
      nsamples:              100000
      output_nstep:                   1
      output_yaml:          True 
      phfreq_cutoff:           7.3498617648950546E-05
      polar_split:          
      prefix:          gaas
      sampling:          uniform
      solver:          rk4
      time_step:           2.0670686467503085E+01
      tmp_dir:          ./
      trans_thr:           2.0000000000000000E-03
      yaml_fname:          pert_output.yml

grid:
   number of  tetrahedra selected:        672
   number of reducible k-points:        310
   number of irreducible k-points:         34


trans:

   temperature units: K

   chemical potential units: eV

   concentration units: cm-3

   conductivity units: 1/Ohm/m

   mobility units: cm2/V/s

   Seebeck coefficient units: mV/K

   # Electronic contribution
   # Not well tested, use with caution
   thermal conductivity units: W/m/K

   # Configuration means one line in the temper file:
   # temperature efermi concentration
   number of configurations:   2

   configuration index:

      1:

         temperature: 100.00000

         chemical potential:   9.8000000000

         concentration:  0.3748567E+18

         conductivity:

            components:
               xx:   0.21891606E+04
               xy:   0.77066917E+02
               yy:   0.21891608E+04
               xz:   0.77066952E+02
               yz:   0.77067033E+02
               zz:   0.21891609E+04
               yx:   0.77066917E+02
               zx:   0.77066952E+02
               zy:   0.77067033E+02


            tensor:
               - [    0.21891606E+04,    0.77066917E+02,    0.77066952E+02,  ]
               - [    0.77066917E+02,    0.21891608E+04,    0.77067033E+02,  ]
               - [    0.77066952E+02,    0.77067033E+02,    0.21891609E+04,  ]

         mobility:

            components:
               xx:   0.36450356E+03
               xy:   0.12831935E+02
               yy:   0.36450359E+03
               xz:   0.12831940E+02
               yz:   0.12831954E+02
               zz:   0.36450360E+03
               yx:   0.12831935E+02
               zx:   0.12831940E+02
               zy:   0.12831954E+02


            tensor:
               - [    0.36450356E+03,    0.12831935E+02,    0.12831940E+02,  ]
               - [    0.12831935E+02,    0.36450359E+03,    0.12831954E+02,  ]
               - [    0.12831940E+02,    0.12831954E+02,    0.36450360E+03,  ]

         Seebeck coefficient:

            components:
               xx:  -0.52530394E+01
               xy:   0.21106833E-02
               yy:  -0.52530394E+01
               xz:   0.21106626E-02
               yz:   0.21106547E-02
               zz:  -0.52530394E+01
               yx:   0.21106833E-02
               zx:   0.21106626E-02
               zy:   0.21106547E-02


            tensor:
               - [   -0.52530394E+01,    0.21106833E-02,    0.21106626E-02,  ]
               - [    0.21106833E-02,   -0.52530394E+01,    0.21106547E-02,  ]
               - [    0.21106626E-02,    0.21106547E-02,   -0.52530394E+01,  ]

            # Thermal conductivity: not well tested, use with caution

         thermal conductivity:

            components:
               xx:  -0.61096302E-11
               xy:  -0.31685089E-13
               yy:  -0.61086253E-11
               xz:  -0.31367604E-13
               yz:  -0.30595591E-13
               zz:  -0.61081319E-11
               yx:  -0.31685089E-13
               zx:  -0.31367604E-13
               zy:  -0.30595591E-13


            tensor:
               - [   -0.61096302E-11,   -0.31685089E-13,   -0.31367604E-13,  ]
               - [   -0.31685089E-13,   -0.61086253E-11,   -0.30595591E-13,  ]
               - [   -0.31367604E-13,   -0.30595591E-13,   -0.61081319E-11,  ]

      2:

         temperature: 300.00000

         chemical potential:   9.8000000000

         concentration:  0.6497838E+18

         conductivity:

            components:
               xx:   0.15558712E+04
               xy:   0.54467555E+02
               yy:   0.15558713E+04
               xz:   0.54467574E+02
               yz:   0.54467636E+02
               zz:   0.15558714E+04
               yx:   0.54467555E+02
               zx:   0.54467574E+02
               zy:   0.54467636E+02


            tensor:
               - [    0.15558712E+04,    0.54467555E+02,    0.54467574E+02,  ]
               - [    0.54467555E+02,    0.15558713E+04,    0.54467636E+02,  ]
               - [    0.54467574E+02,    0.54467636E+02,    0.15558714E+04,  ]

         mobility:

            components:
               xx:   0.14944940E+03
               xy:   0.52318877E+01
               yy:   0.14944941E+03
               xz:   0.52318895E+01
               yz:   0.52318954E+01
               zz:   0.14944942E+03
               yx:   0.52318877E+01
               zx:   0.52318895E+01
               zy:   0.52318954E+01


            tensor:
               - [    0.14944940E+03,    0.52318877E+01,    0.52318895E+01,  ]
               - [    0.52318877E+01,    0.14944941E+03,    0.52318954E+01,  ]
               - [    0.52318895E+01,    0.52318954E+01,    0.14944942E+03,  ]

         Seebeck coefficient:

            components:
               xx:  -0.17577345E+01
               xy:   0.89750291E-03
               yy:  -0.17577345E+01
               xz:   0.89749554E-03
               yz:   0.89749389E-03
               zz:  -0.17577345E+01
               yx:   0.89750291E-03
               zx:   0.89749554E-03
               zy:   0.89749389E-03


            tensor:
               - [   -0.17577345E+01,    0.89750291E-03,    0.89749554E-03,  ]
               - [    0.89750291E-03,   -0.17577345E+01,    0.89749389E-03,  ]
               - [    0.89749554E-03,    0.89749389E-03,   -0.17577345E+01,  ]

            # Thermal conductivity: not well tested, use with caution

         thermal conductivity:

            components:
               xx:  -0.67938553E-06
               xy:  -0.52587812E-06
               yy:  -0.67938496E-06
               xz:  -0.52587822E-06
               yz:  -0.52587819E-06
               zz:  -0.67938468E-06
               yx:  -0.52587812E-06
               zx:  -0.52587822E-06
               zy:  -0.52587819E-06


            tensor:
               - [   -0.67938553E-06,   -0.52587812E-06,   -0.52587822E-06,  ]
               - [   -0.52587812E-06,   -0.67938496E-06,   -0.52587819E-06,  ]
               - [   -0.52587822E-06,   -0.52587819E-06,   -0.67938468E-06,  ]

timings:

   time units: s

   PERTURBO:
      cpu:         0.54642900
      wall:        0.10638499
      calls:         1
...
