---
program: perturbo

start date and time:
   date: 25 July 2023
   time: "16:21:33"

parallelization:
   type: MPI+OpenMP
   number of MPI tasks:   8
   number of OpenMP threads:   8
   number of nodes:   1

input parameters:
   after conversion:
      band_max:                  10
      band_min:                   9
      boltz_de:           7.3498617648950546E-05
      boltz_efield:          [ 0.0000000000000000E+00,   0.0000000000000000E+00,   0.0000000000000000E+00,  ]
      boltz_emax:           7.3498617648950548E-01
      boltz_emin:           6.9823686766503024E-01
      boltz_init_dist:          
      boltz_init_e0:          -7.3491267787185654E+02
      boltz_init_smear:           1.4699723529790110E-03
      boltz_kdim:          [        80,          80,          80,  ]
      boltz_norm_dist:          False
      boltz_nstep:                  50
      boltz_qdim:          [        80,          80,          80,  ]
      calc_mode:          trans-ita
      cauchy_scale:           5.0000000745058060E-02
      debug:          False
      delta_smear:           5.8798894119160437E-04
      fklist:          
      fqlist:          
      ftemper:          gaas.temper
      full_ite:          True 
      hole:          False
      load_scatter_eph:          False
      nsamples:              100000
      output_nstep:                   1
      output_yaml:          True 
      phfreq_cutoff:           1.4699723529790109E-04
      polar_split:          
      prefix:          gaas
      sampling:          uniform
      solver:          rk4
      time_step:           2.0670686467503085E+01
      tmp_dir:          ./tmp/
      trans_thr:           2.0000000000000000E-03
      yaml_fname:          pert_output.yml

grid:
   number of  tetrahedra selected:       2184
   number of reducible k-points:        531
   number of irreducible k-points:         43


scatter parallelization:

   MPI task index:

      1:
         number of q-points:            1521
         number of (k,q) pairs:            6867

      2:
         number of q-points:            1554
         number of (k,q) pairs:            6864

      3:
         number of q-points:            1584
         number of (k,q) pairs:            6999

      4:
         number of q-points:            1561
         number of (k,q) pairs:            7431

      5:
         number of q-points:            1628
         number of (k,q) pairs:            7372

      6:
         number of q-points:            1608
         number of (k,q) pairs:            8077

      7:
         number of q-points:            1634
         number of (k,q) pairs:            8345

      8:
         number of q-points:            1615
         number of (k,q) pairs:            7765

trans:

   temperature units: K

   chemical potential units: eV

   concentration units: cm-3

   conductivity units: 1/Ohm/m

   mobility units: cm2/V/s

   Seebeck coefficient units: mV/K

   # Electronic contribution
   # Not well tested, use with caution
   thermal conductivity units: W/m/K

   # Configuration means one line in the temper file:
   # temperature efermi concentration
   number of configurations:   2

   configuration index:

      1:

         temperature: 100.00000

         chemical potential:   9.8000000000

         concentration:  0.1572652E+19

         conductivity:

            components:
               xx:   0.38788390E+08
               xy:   0.85383278E+05
               yy:   0.38789607E+08
               xz:   0.85051572E+05
               yz:   0.83846728E+05
               zz:   0.38788795E+08
               yx:   0.85383278E+05
               zx:   0.85051572E+05
               zy:   0.83846728E+05


            tensor:
               - [    0.38788390E+08,    0.85383278E+05,    0.85051572E+05,  ]
               - [    0.85383278E+05,    0.38789607E+08,    0.83846728E+05,  ]
               - [    0.85051572E+05,    0.83846728E+05,    0.38788795E+08,  ]

         mobility:

            components:
               xx:   0.15394247E+07
               xy:   0.33886718E+04
               yy:   0.15394730E+07
               xz:   0.33755071E+04
               yz:   0.33276895E+04
               zz:   0.15394407E+07
               yx:   0.33886718E+04
               zx:   0.33755071E+04
               zy:   0.33276895E+04


            tensor:
               - [    0.15394247E+07,    0.33886718E+04,    0.33755071E+04,  ]
               - [    0.33886718E+04,    0.15394730E+07,    0.33276895E+04,  ]
               - [    0.33755071E+04,    0.33276895E+04,    0.15394407E+07,  ]

         Seebeck coefficient:

            components:
               xx:   0.22176959E+00
               xy:  -0.54635421E-03
               yy:   0.22175618E+00
               xz:  -0.54801950E-03
               yz:  -0.53677057E-03
               zz:   0.22176832E+00
               yx:  -0.54635421E-03
               zx:  -0.54801950E-03
               zy:  -0.53677057E-03


            tensor:
               - [    0.22176959E+00,   -0.54635421E-03,   -0.54801950E-03,  ]
               - [   -0.54635421E-03,    0.22175618E+00,   -0.53677057E-03,  ]
               - [   -0.54801950E-03,   -0.53677057E-03,    0.22176832E+00,  ]

            # Thermal conductivity: not well tested, use with caution

         thermal conductivity:

            components:
               xx:   0.67244158E+02
               xy:   0.17586103E+00
               yy:   0.67250207E+02
               xz:   0.17613588E+00
               yz:   0.17572586E+00
               zz:   0.67242243E+02
               yx:   0.17586103E+00
               zx:   0.17613588E+00
               zy:   0.17572586E+00


            tensor:
               - [    0.67244158E+02,    0.17586103E+00,    0.17613588E+00,  ]
               - [    0.17586103E+00,    0.67250207E+02,    0.17572586E+00,  ]
               - [    0.17613588E+00,    0.17572586E+00,    0.67242243E+02,  ]

         number of iterations:    5

         iteration:

            1:

               conductivity:

                  components:
                     xx:   0.31824118E+08
                     xy:   0.22737754E+05
                     yy:   0.31824475E+08
                     xz:   0.22454322E+05
                     yz:   0.22184452E+05
                     zz:   0.31824584E+08
                     yx:   0.22737754E+05
                     zx:   0.22454322E+05
                     zy:   0.22184452E+05


                  tensor:
                     - [    0.31824118E+08,    0.22737754E+05,    0.22454322E+05,  ]
                     - [    0.22737754E+05,    0.31824475E+08,    0.22184452E+05,  ]
                     - [    0.22454322E+05,    0.22184452E+05,    0.31824584E+08,  ]

            2:

               conductivity:

                  components:
                     xx:   0.37330419E+08
                     xy:   0.55199605E+05
                     yy:   0.37331336E+08
                     xz:   0.55168195E+05
                     yz:   0.54111090E+05
                     zz:   0.37331066E+08
                     yx:   0.55199605E+05
                     zx:   0.55168195E+05
                     zy:   0.54111090E+05


                  tensor:
                     - [    0.37330419E+08,    0.55199605E+05,    0.55168195E+05,  ]
                     - [    0.55199605E+05,    0.37331336E+08,    0.54111090E+05,  ]
                     - [    0.55168195E+05,    0.54111090E+05,    0.37331066E+08,  ]

            3:

               conductivity:

                  components:
                     xx:   0.38026860E+08
                     xy:   0.73915210E+05
                     yy:   0.38028204E+08
                     xz:   0.73894086E+05
                     yz:   0.72620974E+05
                     zz:   0.38027637E+08
                     yx:   0.73915210E+05
                     zx:   0.73894086E+05
                     zy:   0.72620974E+05


                  tensor:
                     - [    0.38026860E+08,    0.73915210E+05,    0.73894086E+05,  ]
                     - [    0.73915210E+05,    0.38028204E+08,    0.72620974E+05,  ]
                     - [    0.73894086E+05,    0.72620974E+05,    0.38027637E+08,  ]

            4:

               conductivity:

                  components:
                     xx:   0.38821693E+08
                     xy:   0.80624229E+05
                     yy:   0.38822823E+08
                     xz:   0.80343763E+05
                     yz:   0.79119696E+05
                     zz:   0.38822124E+08
                     yx:   0.80624229E+05
                     zx:   0.80343763E+05
                     zy:   0.79119696E+05


                  tensor:
                     - [    0.38821693E+08,    0.80624229E+05,    0.80343763E+05,  ]
                     - [    0.80624229E+05,    0.38822823E+08,    0.79119696E+05,  ]
                     - [    0.80343763E+05,    0.79119696E+05,    0.38822124E+08,  ]

            5:

               conductivity:

                  components:
                     xx:   0.38788390E+08
                     xy:   0.85383278E+05
                     yy:   0.38789607E+08
                     xz:   0.85051572E+05
                     yz:   0.83846728E+05
                     zz:   0.38788795E+08
                     yx:   0.85383278E+05
                     zx:   0.85051572E+05
                     zy:   0.83846728E+05


                  tensor:
                     - [    0.38788390E+08,    0.85383278E+05,    0.85051572E+05,  ]
                     - [    0.85383278E+05,    0.38789607E+08,    0.83846728E+05,  ]
                     - [    0.85051572E+05,    0.83846728E+05,    0.38788795E+08,  ]

      2:

         temperature: 300.00000

         chemical potential:   9.8000000000

         concentration:  0.2005268E+19

         conductivity:

            components:
               xx:   0.50472798E+07
               xy:   0.84155782E+04
               yy:   0.50476821E+07
               xz:   0.84154731E+04
               yz:   0.84287958E+04
               zz:   0.50469953E+07
               yx:   0.84155782E+04
               zx:   0.84154731E+04
               zy:   0.84287958E+04


            tensor:
               - [    0.50472798E+07,    0.84155782E+04,    0.84154731E+04,  ]
               - [    0.84155782E+04,    0.50476821E+07,    0.84287958E+04,  ]
               - [    0.84154731E+04,    0.84287958E+04,    0.50469953E+07,  ]

         mobility:

            components:
               xx:   0.15709935E+06
               xy:   0.26193949E+03
               yy:   0.15711188E+06
               xz:   0.26193622E+03
               yz:   0.26235089E+03
               zz:   0.15709050E+06
               yx:   0.26193949E+03
               zx:   0.26193622E+03
               zy:   0.26235089E+03


            tensor:
               - [    0.15709935E+06,    0.26193949E+03,    0.26193622E+03,  ]
               - [    0.26193949E+03,    0.15711188E+06,    0.26235089E+03,  ]
               - [    0.26193622E+03,    0.26235089E+03,    0.15709050E+06,  ]

         Seebeck coefficient:

            components:
               xx:  -0.47681684E-01
               xy:  -0.13047670E-03
               yy:  -0.47683802E-01
               xz:  -0.13687105E-03
               yz:  -0.14170443E-03
               zz:  -0.47667601E-01
               yx:  -0.13047670E-03
               zx:  -0.13687105E-03
               zy:  -0.14170443E-03


            tensor:
               - [   -0.47681684E-01,   -0.13047670E-03,   -0.13687105E-03,  ]
               - [   -0.13047670E-03,   -0.47683802E-01,   -0.14170443E-03,  ]
               - [   -0.13687105E-03,   -0.14170443E-03,   -0.47667601E-01,  ]

            # Thermal conductivity: not well tested, use with caution

         thermal conductivity:

            components:
               xx:   0.31795146E+02
               xy:   0.44367218E-01
               yy:   0.31794754E+02
               xz:   0.44987076E-01
               yz:   0.46634949E-01
               zz:   0.31791145E+02
               yx:   0.44367218E-01
               zx:   0.44987076E-01
               zy:   0.46634949E-01


            tensor:
               - [    0.31795146E+02,    0.44367218E-01,    0.44987076E-01,  ]
               - [    0.44367218E-01,    0.31794754E+02,    0.46634949E-01,  ]
               - [    0.44987076E-01,    0.46634949E-01,    0.31791145E+02,  ]

         number of iterations:    7

         iteration:

            1:

               conductivity:

                  components:
                     xx:   0.38626927E+07
                     xy:   0.23897757E+04
                     yy:   0.38627598E+07
                     xz:   0.23701586E+04
                     yz:   0.23170186E+04
                     zz:   0.38625818E+07
                     yx:   0.23897757E+04
                     zx:   0.23701586E+04
                     zy:   0.23170186E+04


                  tensor:
                     - [    0.38626927E+07,    0.23897757E+04,    0.23701586E+04,  ]
                     - [    0.23897757E+04,    0.38627598E+07,    0.23170186E+04,  ]
                     - [    0.23701586E+04,    0.23170186E+04,    0.38625818E+07,  ]

            2:

               conductivity:

                  components:
                     xx:   0.45244918E+07
                     xy:   0.53099910E+04
                     yy:   0.45248688E+07
                     xz:   0.54406369E+04
                     yz:   0.53470890E+04
                     zz:   0.45243519E+07
                     yx:   0.53099910E+04
                     zx:   0.54406369E+04
                     zy:   0.53470890E+04


                  tensor:
                     - [    0.45244918E+07,    0.53099910E+04,    0.54406369E+04,  ]
                     - [    0.53099910E+04,    0.45248688E+07,    0.53470890E+04,  ]
                     - [    0.54406369E+04,    0.53470890E+04,    0.45243519E+07,  ]

            3:

               conductivity:

                  components:
                     xx:   0.48679911E+07
                     xy:   0.67304722E+04
                     yy:   0.48684098E+07
                     xz:   0.68171510E+04
                     yz:   0.67456821E+04
                     zz:   0.48678192E+07
                     yx:   0.67304722E+04
                     zx:   0.68171510E+04
                     zy:   0.67456821E+04


                  tensor:
                     - [    0.48679911E+07,    0.67304722E+04,    0.68171510E+04,  ]
                     - [    0.67304722E+04,    0.48684098E+07,    0.67456821E+04,  ]
                     - [    0.68171510E+04,    0.67456821E+04,    0.48678192E+07,  ]

            4:

               conductivity:

                  components:
                     xx:   0.49680375E+07
                     xy:   0.76993054E+04
                     yy:   0.49684906E+07
                     xz:   0.77647542E+04
                     yz:   0.77262441E+04
                     zz:   0.49678264E+07
                     yx:   0.76993054E+04
                     zx:   0.77647542E+04
                     zy:   0.77262441E+04


                  tensor:
                     - [    0.49680375E+07,    0.76993054E+04,    0.77647542E+04,  ]
                     - [    0.76993054E+04,    0.49684906E+07,    0.77262441E+04,  ]
                     - [    0.77647542E+04,    0.77262441E+04,    0.49678264E+07,  ]

            5:

               conductivity:

                  components:
                     xx:   0.50233189E+07
                     xy:   0.80926849E+04
                     yy:   0.50237328E+07
                     xz:   0.81149964E+04
                     yz:   0.81076404E+04
                     zz:   0.50230622E+07
                     yx:   0.80926849E+04
                     zx:   0.81149964E+04
                     zy:   0.81076404E+04


                  tensor:
                     - [    0.50233189E+07,    0.80926849E+04,    0.81149964E+04,  ]
                     - [    0.80926849E+04,    0.50237328E+07,    0.81076404E+04,  ]
                     - [    0.81149964E+04,    0.81076404E+04,    0.50230622E+07,  ]

            6:

               conductivity:

                  components:
                     xx:   0.50381291E+07
                     xy:   0.83297463E+04
                     yy:   0.50385433E+07
                     xz:   0.83410486E+04
                     yz:   0.83459678E+04
                     zz:   0.50378573E+07
                     yx:   0.83297463E+04
                     zx:   0.83410486E+04
                     zy:   0.83459678E+04


                  tensor:
                     - [    0.50381291E+07,    0.83297463E+04,    0.83410486E+04,  ]
                     - [    0.83297463E+04,    0.50385433E+07,    0.83459678E+04,  ]
                     - [    0.83410486E+04,    0.83459678E+04,    0.50378573E+07,  ]

            7:

               conductivity:

                  components:
                     xx:   0.50472798E+07
                     xy:   0.84155782E+04
                     yy:   0.50476821E+07
                     xz:   0.84154731E+04
                     yz:   0.84287958E+04
                     zz:   0.50469953E+07
                     yx:   0.84155782E+04
                     zx:   0.84154731E+04
                     zy:   0.84287958E+04


                  tensor:
                     - [    0.50472798E+07,    0.84155782E+04,    0.84154731E+04,  ]
                     - [    0.84155782E+04,    0.50476821E+07,    0.84287958E+04,  ]
                     - [    0.84154731E+04,    0.84287958E+04,    0.50469953E+07,  ]

timings:

   time units: s

   PERTURBO:
      cpu:         5.23817100
      wall:        0.72544217
      calls:         1

   scat_setup:
      cpu:         3.97783200
      wall:        0.52719808
      calls:         1

   set_kq_pair:
      cpu:         0.89749300
      wall:        0.11269498
      calls:         1

   init_eph_wan:
      cpu:         0.95338700
      wall:        0.13663888
      calls:         1

   compute_g2:
      cpu:         1.76746500
      wall:        0.22723317
      calls:         1

   load_eph_g2:
      cpu:         0.29046700
      wall:        0.04171586
      calls:         1
...
