---
program: perturbo

start date and time:
   date:  8 May 2023
   time: " 6: 4:18"

parallelization:
   type: MPI+OpenMP
   number of MPI tasks:   1
   number of OpenMP threads:  64
   number of nodes:   1

input parameters:
   after conversion:
      band_max:                  10
      band_min:                   9
      boltz_acc_thr:           0.0000000000000000E+00
      boltz_de:           7.3498617648950546E-05
      boltz_efield:          [ 0.0000000000000000E+00,   0.0000000000000000E+00,   0.0000000000000000E+00,  ]
      boltz_emax:           7.3498617648950548E-01
      boltz_emin:           6.9823686766503024E-01
      boltz_init_dist:          
      boltz_init_e0:          -7.3491267787185654E+02
      boltz_init_smear:           1.4699723529790110E-03
      boltz_kdim:          [       120,         120,         120,  ]
      boltz_norm_dist:          False
      boltz_nstep:                  50
      boltz_nstep_min:                   1
      boltz_qdim:          [       120,         120,         120,  ]
      calc_mode:          trans-ita
      cauchy_scale:           5.0000000745058060E-02
      debug:          False
      delta_smear:           5.8798894119160437E-04
      fklist:          
      fqlist:          
      ftemper:          gaas.temper
      full_ite:          True 
      hole:          False
      load_scatter_eph:          False
      nsamples:              100000
      output_nstep:                   1
      output_yaml:          True 
      phfreq_cutoff:           1.4699723529790109E-04
      polar_split:          
      prefix:          gaas
      sampling:          uniform
      solver:          rk4
      time_step:           2.0670686467503085E+01
      tmp_dir:          ./tmp/
      trans_thr:           2.0000000000000000E-03
      yaml_fname:          pert_output.yml


basic data:
   alat:          10.5700000000
   alat units:       bohr
   # a vector is a row
   lattice vectors:
         - [  -0.50000,     0.00000,     0.50000,  ]
         - [   0.00000,     0.50000,     0.50000,  ]
         - [  -0.50000,     0.50000,     0.00000,  ]
   lattice vectors units:       alat
   reciprocal lattice vectors:
   # a vector is a row
         - [  -1.00000,    -1.00000,     1.00000,  ]
         - [   1.00000,     1.00000,     1.00000,  ]
         - [  -1.00000,     1.00000,    -1.00000,  ]
   reciprocal lattice vectors units:       2pi/alat
   number of atoms in unit cell:                2
   atomic positions:
   # a vector is a row
         - [   0.25000,     0.25000,     0.25000,  ]
         - [   0.00000,     0.00000,     0.00000,  ]
   atomic positions units:       alat
   volume:         295.2330482500
   volume units:       bohr^3
   number of symmetry operations:               24
   symop:
      1:
         - [    1,      0,      0,  ]
         - [    0,      1,      0,  ]
         - [    0,      0,      1,  ]
      2:
         - [    0,      1,      0,  ]
         - [    1,      0,      0,  ]
         - [   -1,     -1,     -1,  ]
      3:
         - [   -1,     -1,     -1,  ]
         - [    0,      0,      1,  ]
         - [    0,      1,      0,  ]
      4:
         - [    0,      0,      1,  ]
         - [   -1,     -1,     -1,  ]
         - [    1,      0,      0,  ]
      5:
         - [   -1,     -1,     -1,  ]
         - [    0,      1,      0,  ]
         - [    1,      0,      0,  ]
      6:
         - [    0,      0,      1,  ]
         - [    1,      0,      0,  ]
         - [    0,      1,      0,  ]
      7:
         - [    1,      0,      0,  ]
         - [    0,      0,      1,  ]
         - [   -1,     -1,     -1,  ]
      8:
         - [    0,      1,      0,  ]
         - [   -1,     -1,     -1,  ]
         - [    0,      0,      1,  ]
      9:
         - [    0,      0,      1,  ]
         - [    0,      1,      0,  ]
         - [   -1,     -1,     -1,  ]
      10:
         - [   -1,     -1,     -1,  ]
         - [    1,      0,      0,  ]
         - [    0,      0,      1,  ]
      11:
         - [    0,      1,      0,  ]
         - [    0,      0,      1,  ]
         - [    1,      0,      0,  ]
      12:
         - [    1,      0,      0,  ]
         - [   -1,     -1,     -1,  ]
         - [    0,      1,      0,  ]
      13:
         - [    0,      1,      0,  ]
         - [    1,      0,      0,  ]
         - [    0,      0,      1,  ]
      14:
         - [    1,      0,      0,  ]
         - [    0,      1,      0,  ]
         - [   -1,     -1,     -1,  ]
      15:
         - [    0,      0,      1,  ]
         - [   -1,     -1,     -1,  ]
         - [    0,      1,      0,  ]
      16:
         - [   -1,     -1,     -1,  ]
         - [    0,      0,      1,  ]
         - [    1,      0,      0,  ]
      17:
         - [    1,      0,      0,  ]
         - [    0,      0,      1,  ]
         - [    0,      1,      0,  ]
      18:
         - [   -1,     -1,     -1,  ]
         - [    0,      1,      0,  ]
         - [    0,      0,      1,  ]
      19:
         - [    0,      1,      0,  ]
         - [   -1,     -1,     -1,  ]
         - [    1,      0,      0,  ]
      20:
         - [    0,      0,      1,  ]
         - [    1,      0,      0,  ]
         - [   -1,     -1,     -1,  ]
      21:
         - [    1,      0,      0,  ]
         - [   -1,     -1,     -1,  ]
         - [    0,      0,      1,  ]
      22:
         - [    0,      0,      1,  ]
         - [    0,      1,      0,  ]
         - [    1,      0,      0,  ]
      23:
         - [    0,      1,      0,  ]
         - [    0,      0,      1,  ]
         - [   -1,     -1,     -1,  ]
      24:
         - [   -1,     -1,     -1,  ]
         - [    1,      0,      0,  ]
         - [    0,      1,      0,  ]
   kc dimensions:
         - [      2,        2,        2,  ]
   spinor:       True 
   polar_alpha:           1.0000000000
   epsil:
   # a vector is a row
         - [     59.47522865,       -0.00000000,       -0.00000000,  ]
         - [     -0.00000000,       59.47522865,        0.00000000,  ]
         - [     -0.00000000,        0.00000000,       59.47522865,  ]
   qc dimensions:
         - [      2,        2,        2,  ]
   mass:
      -       68287.22550903
      -       63548.62689419
   mass units:       atomic
   zstar:
      1:
         - [  -2.45173,    -0.00000,     0.00000,  ]
         - [  -0.00000,    -2.45173,     0.00000,  ]
         - [   0.00000,     0.00000,    -2.45173,  ]
      2:
         - [   2.45173,     0.00000,    -0.00000,  ]
         - [   0.00000,     2.45173,    -0.00000,  ]
         - [  -0.00000,    -0.00000,     2.45173,  ]
   system_2d:       False
   number of Wannier functions:               16
   wannier_center:
   # a vector is a row
         - [   0.31929,     0.31929,     0.31929,  ]
         - [   0.31929,     0.31929,     0.31929,  ]
         - [   0.31929,     0.18071,     0.18071,  ]
         - [   0.31929,     0.18071,     0.18071,  ]
         - [   0.18071,     0.31929,     0.18071,  ]
         - [   0.18071,     0.31929,     0.18071,  ]
         - [   0.18071,     0.18071,     0.31929,  ]
         - [   0.18071,     0.18071,     0.31929,  ]
         - [   0.04592,     0.04592,     0.04592,  ]
         - [   0.04592,     0.04592,     0.04592,  ]
         - [   0.04592,    -0.04592,    -0.04592,  ]
         - [   0.04592,    -0.04592,    -0.04592,  ]
         - [  -0.04592,     0.04592,    -0.04592,  ]
         - [  -0.04592,     0.04592,    -0.04592,  ]
         - [  -0.04592,    -0.04592,     0.04592,  ]
         - [  -0.04592,    -0.04592,     0.04592,  ]
   wannier_center units: cartesian
   wannier_center_cryst:
   # a vector is a row
         - [  -0.31929,     0.95788,    -0.31929,  ]
         - [  -0.31929,     0.95788,    -0.31929,  ]
         - [  -0.31929,     0.68071,    -0.31929,  ]
         - [  -0.31929,     0.68071,    -0.31929,  ]
         - [  -0.31929,     0.68071,    -0.04212,  ]
         - [  -0.31929,     0.68071,    -0.04212,  ]
         - [  -0.04212,     0.68071,    -0.31929,  ]
         - [  -0.04212,     0.68071,    -0.31929,  ]
         - [  -0.04592,     0.13775,    -0.04592,  ]
         - [  -0.04592,     0.13775,    -0.04592,  ]
         - [  -0.04592,    -0.04592,    -0.04592,  ]
         - [  -0.04592,    -0.04592,    -0.04592,  ]
         - [  -0.04592,    -0.04592,     0.13775,  ]
         - [  -0.04592,    -0.04592,     0.13775,  ]
         - [   0.13775,    -0.04592,    -0.04592,  ]
         - [   0.13775,    -0.04592,    -0.04592,  ]
   wannier_center_cryst units: crystal

grid:
   number of  tetrahedra selected:       6360
   number of reducible k-points:       1387
   number of irreducible k-points:         97


scatter parallelization:

   MPI task index:

      1:
         number of q-points:            5136
         number of (k,q) pairs:          426722

trans:

   temperature units: K

   chemical potential units: eV

   concentration units: cm-3

   conductivity units: 1/Ohm/m

   mobility units: cm2/V/s

   Seebeck coefficient units: mV/K

   # Electronic contribution
   # Not well tested, use with caution
   thermal conductivity units: W/m/K

   # Configuration means one line in the temper file:
   # temperature efermi concentration
   number of configurations:   2

   configuration index:

      1:

         temperature: 100.00000

         chemical potential:   9.8000000000

         concentration:  0.1740983E+19

         conductivity:

            components:
               xx:   0.23954968E+08
               xy:   0.54093818E+05
               yy:   0.23956063E+08
               xz:   0.54593824E+05
               yz:   0.54590655E+05
               zz:   0.23954840E+08
               yx:   0.54093818E+05
               zx:   0.54593824E+05
               zy:   0.54590655E+05


            tensor:
               - [    0.23954968E+08,    0.54093818E+05,    0.54593824E+05,  ]
               - [    0.54093818E+05,    0.23956063E+08,    0.54590655E+05,  ]
               - [    0.54593824E+05,    0.54590655E+05,    0.23954840E+08,  ]

         mobility:

            components:
               xx:   0.85879711E+06
               xy:   0.19392894E+04
               yy:   0.85883640E+06
               xz:   0.19572149E+04
               yz:   0.19571012E+04
               zz:   0.85879252E+06
               yx:   0.19392894E+04
               zx:   0.19572149E+04
               zy:   0.19571012E+04


            tensor:
               - [    0.85879711E+06,    0.19392894E+04,    0.19572149E+04,  ]
               - [    0.19392894E+04,    0.85883640E+06,    0.19571012E+04,  ]
               - [    0.19572149E+04,    0.19571012E+04,    0.85879252E+06,  ]

         Seebeck coefficient:

            components:
               xx:  -0.64984543E-01
               xy:  -0.81996798E-04
               yy:  -0.64987857E-01
               xz:  -0.78601564E-04
               yz:  -0.80399748E-04
               zz:  -0.64985204E-01
               yx:  -0.81996798E-04
               zx:  -0.78601564E-04
               zy:  -0.80399748E-04


            tensor:
               - [   -0.64984543E-01,   -0.81996798E-04,   -0.78601564E-04,  ]
               - [   -0.81996798E-04,   -0.64987857E-01,   -0.80399748E-04,  ]
               - [   -0.78601564E-04,   -0.80399748E-04,   -0.64985204E-01,  ]

            # Thermal conductivity: not well tested, use with caution

         thermal conductivity:

            components:
               xx:   0.19786542E+02
               xy:   0.12042991E-01
               yy:   0.19786882E+02
               xz:   0.11847171E-01
               yz:   0.11917713E-01
               zz:   0.19786590E+02
               yx:   0.12042991E-01
               zx:   0.11847171E-01
               zy:   0.11917713E-01


            tensor:
               - [    0.19786542E+02,    0.12042991E-01,    0.11847171E-01,  ]
               - [    0.12042991E-01,    0.19786882E+02,    0.11917713E-01,  ]
               - [    0.11847171E-01,    0.11917713E-01,    0.19786590E+02,  ]

         number of iterations:    8

         iteration:

            1:

               conductivity:

                  components:
                     xx:   0.14369052E+08
                     xy:   0.92983073E+04
                     yy:   0.14369462E+08
                     xz:   0.92884647E+04
                     yz:   0.92678495E+04
                     zz:   0.14369252E+08
                     yx:   0.92983073E+04
                     zx:   0.92884647E+04
                     zy:   0.92678495E+04


                  tensor:
                     - [    0.14369052E+08,    0.92983073E+04,    0.92884647E+04,  ]
                     - [    0.92983073E+04,    0.14369462E+08,    0.92678495E+04,  ]
                     - [    0.92884647E+04,    0.92678495E+04,    0.14369252E+08,  ]

            2:

               conductivity:

                  components:
                     xx:   0.19908089E+08
                     xy:   0.28627233E+05
                     yy:   0.19908665E+08
                     xz:   0.28973413E+05
                     yz:   0.28886213E+05
                     zz:   0.19908139E+08
                     yx:   0.28627233E+05
                     zx:   0.28973413E+05
                     zy:   0.28886213E+05


                  tensor:
                     - [    0.19908089E+08,    0.28627233E+05,    0.28973413E+05,  ]
                     - [    0.28627233E+05,    0.19908665E+08,    0.28886213E+05,  ]
                     - [    0.28973413E+05,    0.28886213E+05,    0.19908139E+08,  ]

            3:

               conductivity:

                  components:
                     xx:   0.22268129E+08
                     xy:   0.38811812E+05
                     yy:   0.22268956E+08
                     xz:   0.39172416E+05
                     yz:   0.39205235E+05
                     zz:   0.22268142E+08
                     yx:   0.38811812E+05
                     zx:   0.39172416E+05
                     zy:   0.39205235E+05


                  tensor:
                     - [    0.22268129E+08,    0.38811812E+05,    0.39172416E+05,  ]
                     - [    0.38811812E+05,    0.22268956E+08,    0.39205235E+05,  ]
                     - [    0.39172416E+05,    0.39205235E+05,    0.22268142E+08,  ]

            4:

               conductivity:

                  components:
                     xx:   0.23239848E+08
                     xy:   0.46746327E+05
                     yy:   0.23240794E+08
                     xz:   0.47182669E+05
                     yz:   0.47175251E+05
                     zz:   0.23239783E+08
                     yx:   0.46746327E+05
                     zx:   0.47182669E+05
                     zy:   0.47175251E+05


                  tensor:
                     - [    0.23239848E+08,    0.46746327E+05,    0.47182669E+05,  ]
                     - [    0.46746327E+05,    0.23240794E+08,    0.47175251E+05,  ]
                     - [    0.47182669E+05,    0.47175251E+05,    0.23239783E+08,  ]

            5:

               conductivity:

                  components:
                     xx:   0.23665795E+08
                     xy:   0.50219460E+05
                     yy:   0.23666824E+08
                     xz:   0.50689244E+05
                     yz:   0.50695573E+05
                     zz:   0.23665707E+08
                     yx:   0.50219460E+05
                     zx:   0.50689244E+05
                     zy:   0.50695573E+05


                  tensor:
                     - [    0.23665795E+08,    0.50219460E+05,    0.50689244E+05,  ]
                     - [    0.50219460E+05,    0.23666824E+08,    0.50695573E+05,  ]
                     - [    0.50689244E+05,    0.50695573E+05,    0.23665707E+08,  ]

            6:

               conductivity:

                  components:
                     xx:   0.23843405E+08
                     xy:   0.52553098E+05
                     yy:   0.23844470E+08
                     xz:   0.53039663E+05
                     yz:   0.53036179E+05
                     zz:   0.23843291E+08
                     yx:   0.52553098E+05
                     zx:   0.53039663E+05
                     zy:   0.53036179E+05


                  tensor:
                     - [    0.23843405E+08,    0.52553098E+05,    0.53039663E+05,  ]
                     - [    0.52553098E+05,    0.23844470E+08,    0.53036179E+05,  ]
                     - [    0.53039663E+05,    0.53036179E+05,    0.23843291E+08,  ]

            7:

               conductivity:

                  components:
                     xx:   0.23922153E+08
                     xy:   0.53487366E+05
                     yy:   0.23923240E+08
                     xz:   0.53984101E+05
                     yz:   0.53983099E+05
                     zz:   0.23922032E+08
                     yx:   0.53487366E+05
                     zx:   0.53984101E+05
                     zy:   0.53983099E+05


                  tensor:
                     - [    0.23922153E+08,    0.53487366E+05,    0.53984101E+05,  ]
                     - [    0.53487366E+05,    0.23923240E+08,    0.53983099E+05,  ]
                     - [    0.53984101E+05,    0.53983099E+05,    0.23922032E+08,  ]

            8:

               conductivity:

                  components:
                     xx:   0.23954968E+08
                     xy:   0.54093818E+05
                     yy:   0.23956063E+08
                     xz:   0.54593824E+05
                     yz:   0.54590655E+05
                     zz:   0.23954840E+08
                     yx:   0.54093818E+05
                     zx:   0.54593824E+05
                     zy:   0.54590655E+05


                  tensor:
                     - [    0.23954968E+08,    0.54093818E+05,    0.54593824E+05,  ]
                     - [    0.54093818E+05,    0.23956063E+08,    0.54590655E+05,  ]
                     - [    0.54593824E+05,    0.54590655E+05,    0.23954840E+08,  ]

      2:

         temperature: 300.00000

         chemical potential:   9.8000000000

         concentration:  0.2163633E+19

         conductivity:

            components:
               xx:   0.45109535E+07
               xy:   0.57314354E+04
               yy:   0.45111456E+07
               xz:   0.56927570E+04
               yz:   0.57545936E+04
               zz:   0.45108681E+07
               yx:   0.57314354E+04
               zx:   0.56927570E+04
               zy:   0.57545936E+04


            tensor:
               - [    0.45109535E+07,    0.57314354E+04,    0.56927570E+04,  ]
               - [    0.57314354E+04,    0.45111456E+07,    0.57545936E+04,  ]
               - [    0.56927570E+04,    0.57545936E+04,    0.45108681E+07,  ]

         mobility:

            components:
               xx:   0.13012900E+06
               xy:   0.16533665E+03
               yy:   0.13013454E+06
               xz:   0.16422088E+03
               yz:   0.16600471E+03
               zz:   0.13012654E+06
               yx:   0.16533665E+03
               zx:   0.16422088E+03
               zy:   0.16600471E+03


            tensor:
               - [    0.13012900E+06,    0.16533665E+03,    0.16422088E+03,  ]
               - [    0.16533665E+03,    0.13013454E+06,    0.16600471E+03,  ]
               - [    0.16422088E+03,    0.16600471E+03,    0.13012654E+06,  ]

         Seebeck coefficient:

            components:
               xx:  -0.95130303E-01
               xy:  -0.40450505E-04
               yy:  -0.95132531E-01
               xz:  -0.37734507E-04
               yz:  -0.39300260E-04
               zz:  -0.95126477E-01
               yx:  -0.40450505E-04
               zx:  -0.37734507E-04
               zy:  -0.39300260E-04


            tensor:
               - [   -0.95130303E-01,   -0.40450505E-04,   -0.37734507E-04,  ]
               - [   -0.40450505E-04,   -0.95132531E-01,   -0.39300260E-04,  ]
               - [   -0.37734507E-04,   -0.39300260E-04,   -0.95126477E-01,  ]

            # Thermal conductivity: not well tested, use with caution

         thermal conductivity:

            components:
               xx:   0.19470840E+02
               xy:   0.17118110E-01
               yy:   0.19471341E+02
               xz:   0.16793049E-01
               yz:   0.17473590E-01
               zz:   0.19469891E+02
               yx:   0.17118110E-01
               zx:   0.16793049E-01
               zy:   0.17473590E-01


            tensor:
               - [    0.19470840E+02,    0.17118110E-01,    0.16793049E-01,  ]
               - [    0.17118110E-01,    0.19471341E+02,    0.17473590E-01,  ]
               - [    0.16793049E-01,    0.17473590E-01,    0.19469891E+02,  ]

         number of iterations:   10

         iteration:

            1:

               conductivity:

                  components:
                     xx:   0.23470526E+07
                     xy:   0.69918630E+03
                     yy:   0.23470855E+07
                     xz:   0.69899672E+03
                     yz:   0.69944964E+03
                     zz:   0.23470591E+07
                     yx:   0.69918630E+03
                     zx:   0.69899672E+03
                     zy:   0.69944964E+03


                  tensor:
                     - [    0.23470526E+07,    0.69918630E+03,    0.69899672E+03,  ]
                     - [    0.69918630E+03,    0.23470855E+07,    0.69944964E+03,  ]
                     - [    0.69899672E+03,    0.69944964E+03,    0.23470591E+07,  ]

            2:

               conductivity:

                  components:
                     xx:   0.34040276E+07
                     xy:   0.21206777E+04
                     yy:   0.34041110E+07
                     xz:   0.21231333E+04
                     yz:   0.21326328E+04
                     zz:   0.34040133E+07
                     yx:   0.21206777E+04
                     zx:   0.21231333E+04
                     zy:   0.21326328E+04


                  tensor:
                     - [    0.34040276E+07,    0.21206777E+04,    0.21231333E+04,  ]
                     - [    0.21206777E+04,    0.34041110E+07,    0.21326328E+04,  ]
                     - [    0.21231333E+04,    0.21326328E+04,    0.34040133E+07,  ]

            3:

               conductivity:

                  components:
                     xx:   0.39536173E+07
                     xy:   0.33461154E+04
                     yy:   0.39537374E+07
                     xz:   0.33316714E+04
                     yz:   0.33681963E+04
                     zz:   0.39535792E+07
                     yx:   0.33461154E+04
                     zx:   0.33316714E+04
                     zy:   0.33681963E+04


                  tensor:
                     - [    0.39536173E+07,    0.33461154E+04,    0.33316714E+04,  ]
                     - [    0.33461154E+04,    0.39537374E+07,    0.33681963E+04,  ]
                     - [    0.33316714E+04,    0.33681963E+04,    0.39535792E+07,  ]

            4:

               conductivity:

                  components:
                     xx:   0.42268190E+07
                     xy:   0.42567809E+04
                     yy:   0.42269662E+07
                     xz:   0.42344215E+04
                     yz:   0.42788970E+04
                     zz:   0.42267639E+07
                     yx:   0.42567809E+04
                     zx:   0.42344215E+04
                     zy:   0.42788970E+04


                  tensor:
                     - [    0.42268190E+07,    0.42567809E+04,    0.42344215E+04,  ]
                     - [    0.42567809E+04,    0.42269662E+07,    0.42788970E+04,  ]
                     - [    0.42344215E+04,    0.42788970E+04,    0.42267639E+07,  ]

            5:

               conductivity:

                  components:
                     xx:   0.43686621E+07
                     xy:   0.48539968E+04
                     yy:   0.43688274E+07
                     xz:   0.48250181E+04
                     yz:   0.48776224E+04
                     zz:   0.43685948E+07
                     yx:   0.48539968E+04
                     zx:   0.48250181E+04
                     zy:   0.48776224E+04


                  tensor:
                     - [    0.43686621E+07,    0.48539968E+04,    0.48250181E+04,  ]
                     - [    0.48539968E+04,    0.43688274E+07,    0.48776224E+04,  ]
                     - [    0.48250181E+04,    0.48776224E+04,    0.43685948E+07,  ]

            6:

               conductivity:

                  components:
                     xx:   0.44402941E+07
                     xy:   0.52362714E+04
                     yy:   0.44404711E+07
                     xz:   0.52033319E+04
                     yz:   0.52595883E+04
                     zz:   0.44402192E+07
                     yx:   0.52362714E+04
                     zx:   0.52033319E+04
                     zy:   0.52595883E+04


                  tensor:
                     - [    0.44402941E+07,    0.52362714E+04,    0.52033319E+04,  ]
                     - [    0.52362714E+04,    0.44404711E+07,    0.52595883E+04,  ]
                     - [    0.52033319E+04,    0.52595883E+04,    0.44402192E+07,  ]

            7:

               conductivity:

                  components:
                     xx:   0.44774250E+07
                     xy:   0.54665720E+04
                     yy:   0.44776090E+07
                     xz:   0.54309921E+04
                     yz:   0.54899993E+04
                     zz:   0.44773452E+07
                     yx:   0.54665720E+04
                     zx:   0.54309921E+04
                     zy:   0.54899993E+04


                  tensor:
                     - [    0.44774250E+07,    0.54665720E+04,    0.54309921E+04,  ]
                     - [    0.54665720E+04,    0.44776090E+07,    0.54899993E+04,  ]
                     - [    0.54309921E+04,    0.54899993E+04,    0.44773452E+07,  ]

            8:

               conductivity:

                  components:
                     xx:   0.44962526E+07
                     xy:   0.56050051E+04
                     yy:   0.44964408E+07
                     xz:   0.55678493E+04
                     yz:   0.56282609E+04
                     zz:   0.44961699E+07
                     yx:   0.56050051E+04
                     zx:   0.55678493E+04
                     zy:   0.56282609E+04


                  tensor:
                     - [    0.44962526E+07,    0.56050051E+04,    0.55678493E+04,  ]
                     - [    0.56050051E+04,    0.44964408E+07,    0.56282609E+04,  ]
                     - [    0.55678493E+04,    0.56282609E+04,    0.44961699E+07,  ]

            9:

               conductivity:

                  components:
                     xx:   0.45060019E+07
                     xy:   0.56849965E+04
                     yy:   0.45061927E+07
                     xz:   0.56468761E+04
                     yz:   0.57082258E+04
                     zz:   0.45059176E+07
                     yx:   0.56849965E+04
                     zx:   0.56468761E+04
                     zy:   0.57082258E+04


                  tensor:
                     - [    0.45060019E+07,    0.56849965E+04,    0.56468761E+04,  ]
                     - [    0.56849965E+04,    0.45061927E+07,    0.57082258E+04,  ]
                     - [    0.56468761E+04,    0.57082258E+04,    0.45059176E+07,  ]

            10:

               conductivity:

                  components:
                     xx:   0.45109535E+07
                     xy:   0.57314354E+04
                     yy:   0.45111456E+07
                     xz:   0.56927570E+04
                     yz:   0.57545936E+04
                     zz:   0.45108681E+07
                     yx:   0.57314354E+04
                     zx:   0.56927570E+04
                     zy:   0.57545936E+04


                  tensor:
                     - [    0.45109535E+07,    0.57314354E+04,    0.56927570E+04,  ]
                     - [    0.57314354E+04,    0.45111456E+07,    0.57545936E+04,  ]
                     - [    0.56927570E+04,    0.57545936E+04,    0.45108681E+07,  ]

timings:

   time units: s

   PERTURBO:
      cpu:       178.98524400
      wall:        4.71720195
      calls:         1

   scat_setup:
      cpu:       102.61970300
      wall:        3.37312794
      calls:         1

   set_kq_pair:
      cpu:         2.05530500
      wall:        0.03273702
      calls:         1

   init_eph_wan:
      cpu:        13.00090600
      wall:        0.22173619
      calls:         1

   compute_g2:
      cpu:        84.76855600
      wall:        1.36684108
      calls:         1

   load_eph_g2:
      cpu:         1.76746100
      wall:        1.73519588
      calls:         1
...
