---
program: perturbo

start date and time:
   date: 25 July 2023
   time: "16:21:34"

parallelization:
   type: MPI+OpenMP
   number of MPI tasks:   8
   number of OpenMP threads:   8
   number of nodes:   1

input parameters:
   after conversion:
      band_max:                  10
      band_min:                   9
      boltz_de:           7.3498617648950546E-05
      boltz_efield:          [ 0.0000000000000000E+00,   0.0000000000000000E+00,   0.0000000000000000E+00,  ]
      boltz_emax:           7.3498617648950548E-01
      boltz_emin:           6.9823686766503024E-01
      boltz_init_dist:          
      boltz_init_e0:          -7.3491267787185654E+02
      boltz_init_smear:           1.4699723529790110E-03
      boltz_kdim:          [       120,         120,         120,  ]
      boltz_norm_dist:          False
      boltz_nstep:                  50
      boltz_qdim:          [       120,         120,         120,  ]
      calc_mode:          trans-ita
      cauchy_scale:           5.0000000745058060E-02
      debug:          False
      delta_smear:           5.8798894119160437E-04
      fklist:          
      fqlist:          
      ftemper:          gaas.temper
      full_ite:          True 
      hole:          False
      load_scatter_eph:          False
      nsamples:              100000
      output_nstep:                   1
      output_yaml:          True 
      phfreq_cutoff:           1.4699723529790109E-04
      polar_split:          
      prefix:          gaas
      sampling:          uniform
      solver:          rk4
      time_step:           2.0670686467503085E+01
      tmp_dir:          ./tmp/
      trans_thr:           2.0000000000000000E-03
      yaml_fname:          pert_output.yml

grid:
   number of  tetrahedra selected:       6360
   number of reducible k-points:       1387
   number of irreducible k-points:         97


scatter parallelization:

   MPI task index:

      1:
         number of q-points:            4622
         number of (k,q) pairs:           53266

      2:
         number of q-points:            4633
         number of (k,q) pairs:           53687

      3:
         number of q-points:            4640
         number of (k,q) pairs:           53470

      4:
         number of q-points:            4691
         number of (k,q) pairs:           52751

      5:
         number of q-points:            4724
         number of (k,q) pairs:           53353

      6:
         number of q-points:            4813
         number of (k,q) pairs:           53849

      7:
         number of q-points:            4826
         number of (k,q) pairs:           53039

      8:
         number of q-points:            4713
         number of (k,q) pairs:           53307

trans:

   temperature units: K

   chemical potential units: eV

   concentration units: cm-3

   conductivity units: 1/Ohm/m

   mobility units: cm2/V/s

   Seebeck coefficient units: mV/K

   # Electronic contribution
   # Not well tested, use with caution
   thermal conductivity units: W/m/K

   # Configuration means one line in the temper file:
   # temperature efermi concentration
   number of configurations:   2

   configuration index:

      1:

         temperature: 100.00000

         chemical potential:   9.8000000000

         concentration:  0.1740982E+19

         conductivity:

            components:
               xx:   0.23954509E+08
               xy:   0.54529402E+05
               yy:   0.23955727E+08
               xz:   0.53987435E+05
               yz:   0.53918557E+05
               zz:   0.23954636E+08
               yx:   0.54529402E+05
               zx:   0.53987435E+05
               zy:   0.53918557E+05


            tensor:
               - [    0.23954509E+08,    0.54529402E+05,    0.53987435E+05,  ]
               - [    0.54529402E+05,    0.23955727E+08,    0.53918557E+05,  ]
               - [    0.53987435E+05,    0.53918557E+05,    0.23954636E+08,  ]

         mobility:

            components:
               xx:   0.85878075E+06
               xy:   0.19549055E+04
               yy:   0.85882442E+06
               xz:   0.19354757E+04
               yz:   0.19330064E+04
               zz:   0.85878531E+06
               yx:   0.19549055E+04
               zx:   0.19354757E+04
               zy:   0.19330064E+04


            tensor:
               - [    0.85878075E+06,    0.19549055E+04,    0.19354757E+04,  ]
               - [    0.19549055E+04,    0.85882442E+06,    0.19330064E+04,  ]
               - [    0.19354757E+04,    0.19330064E+04,    0.85878531E+06,  ]

         Seebeck coefficient:

            components:
               xx:  -0.64984678E-01
               xy:  -0.80808566E-04
               yy:  -0.64987376E-01
               xz:  -0.80610465E-04
               yz:  -0.80527762E-04
               zz:  -0.64984834E-01
               yx:  -0.80808566E-04
               zx:  -0.80610465E-04
               zy:  -0.80527762E-04


            tensor:
               - [   -0.64984678E-01,   -0.80808566E-04,   -0.80610465E-04,  ]
               - [   -0.80808566E-04,   -0.64987376E-01,   -0.80527762E-04,  ]
               - [   -0.80610465E-04,   -0.80527762E-04,   -0.64984834E-01,  ]

            # Thermal conductivity: not well tested, use with caution

         thermal conductivity:

            components:
               xx:   0.19786387E+02
               xy:   0.11982152E-01
               yy:   0.19786708E+02
               xz:   0.11880814E-01
               yz:   0.11838861E-01
               zz:   0.19786451E+02
               yx:   0.11982152E-01
               zx:   0.11880814E-01
               zy:   0.11838861E-01


            tensor:
               - [    0.19786387E+02,    0.11982152E-01,    0.11880814E-01,  ]
               - [    0.11982152E-01,    0.19786708E+02,    0.11838861E-01,  ]
               - [    0.11880814E-01,    0.11838861E-01,    0.19786451E+02,  ]

         number of iterations:    8

         iteration:

            1:

               conductivity:

                  components:
                     xx:   0.14368978E+08
                     xy:   0.93296340E+04
                     yy:   0.14369354E+08
                     xz:   0.92852684E+04
                     yz:   0.92425341E+04
                     zz:   0.14369164E+08
                     yx:   0.93296340E+04
                     zx:   0.92852684E+04
                     zy:   0.92425341E+04


                  tensor:
                     - [    0.14368978E+08,    0.93296340E+04,    0.92852684E+04,  ]
                     - [    0.93296340E+04,    0.14369354E+08,    0.92425341E+04,  ]
                     - [    0.92852684E+04,    0.92425341E+04,    0.14369164E+08,  ]

            2:

               conductivity:

                  components:
                     xx:   0.19907841E+08
                     xy:   0.29010341E+05
                     yy:   0.19908597E+08
                     xz:   0.28474904E+05
                     yz:   0.28550516E+05
                     zz:   0.19907969E+08
                     yx:   0.29010341E+05
                     zx:   0.28474904E+05
                     zy:   0.28550516E+05


                  tensor:
                     - [    0.19907841E+08,    0.29010341E+05,    0.28474904E+05,  ]
                     - [    0.29010341E+05,    0.19908597E+08,    0.28550516E+05,  ]
                     - [    0.28474904E+05,    0.28550516E+05,    0.19907969E+08,  ]

            3:

               conductivity:

                  components:
                     xx:   0.22267742E+08
                     xy:   0.39205807E+05
                     yy:   0.22268713E+08
                     xz:   0.38697714E+05
                     yz:   0.38656848E+05
                     zz:   0.22267907E+08
                     yx:   0.39205807E+05
                     zx:   0.38697714E+05
                     zy:   0.38656848E+05


                  tensor:
                     - [    0.22267742E+08,    0.39205807E+05,    0.38697714E+05,  ]
                     - [    0.39205807E+05,    0.22268713E+08,    0.38656848E+05,  ]
                     - [    0.38697714E+05,    0.38656848E+05,    0.22267907E+08,  ]

            4:

               conductivity:

                  components:
                     xx:   0.23239437E+08
                     xy:   0.47161484E+05
                     yy:   0.23240520E+08
                     xz:   0.46603641E+05
                     yz:   0.46583434E+05
                     zz:   0.23239571E+08
                     yx:   0.47161484E+05
                     zx:   0.46603641E+05
                     zy:   0.46583434E+05


                  tensor:
                     - [    0.23239437E+08,    0.47161484E+05,    0.46603641E+05,  ]
                     - [    0.47161484E+05,    0.23240520E+08,    0.46583434E+05,  ]
                     - [    0.46603641E+05,    0.46583434E+05,    0.23239571E+08,  ]

            5:

               conductivity:

                  components:
                     xx:   0.23665347E+08
                     xy:   0.50652530E+05
                     yy:   0.23666514E+08
                     xz:   0.50112379E+05
                     yz:   0.50047730E+05
                     zz:   0.23665492E+08
                     yx:   0.50652530E+05
                     zx:   0.50112379E+05
                     zy:   0.50047730E+05


                  tensor:
                     - [    0.23665347E+08,    0.50652530E+05,    0.50112379E+05,  ]
                     - [    0.50652530E+05,    0.23666514E+08,    0.50047730E+05,  ]
                     - [    0.50112379E+05,    0.50047730E+05,    0.23665492E+08,  ]

            6:

               conductivity:

                  components:
                     xx:   0.23842955E+08
                     xy:   0.52985308E+05
                     yy:   0.23844146E+08
                     xz:   0.52437903E+05
                     yz:   0.52379721E+05
                     zz:   0.23843085E+08
                     yx:   0.52985308E+05
                     zx:   0.52437903E+05
                     zy:   0.52379721E+05


                  tensor:
                     - [    0.23842955E+08,    0.52985308E+05,    0.52437903E+05,  ]
                     - [    0.52985308E+05,    0.23844146E+08,    0.52379721E+05,  ]
                     - [    0.52437903E+05,    0.52379721E+05,    0.23843085E+08,  ]

            7:

               conductivity:

                  components:
                     xx:   0.23921694E+08
                     xy:   0.53924149E+05
                     yy:   0.23922908E+08
                     xz:   0.53383661E+05
                     yz:   0.53312409E+05
                     zz:   0.23921826E+08
                     yx:   0.53924149E+05
                     zx:   0.53383661E+05
                     zy:   0.53312409E+05


                  tensor:
                     - [    0.23921694E+08,    0.53924149E+05,    0.53383661E+05,  ]
                     - [    0.53924149E+05,    0.23922908E+08,    0.53312409E+05,  ]
                     - [    0.53383661E+05,    0.53312409E+05,    0.23921826E+08,  ]

            8:

               conductivity:

                  components:
                     xx:   0.23954509E+08
                     xy:   0.54529402E+05
                     yy:   0.23955727E+08
                     xz:   0.53987435E+05
                     yz:   0.53918557E+05
                     zz:   0.23954636E+08
                     yx:   0.54529402E+05
                     zx:   0.53987435E+05
                     zy:   0.53918557E+05


                  tensor:
                     - [    0.23954509E+08,    0.54529402E+05,    0.53987435E+05,  ]
                     - [    0.54529402E+05,    0.23955727E+08,    0.53918557E+05,  ]
                     - [    0.53987435E+05,    0.53918557E+05,    0.23954636E+08,  ]

      2:

         temperature: 300.00000

         chemical potential:   9.8000000000

         concentration:  0.2163633E+19

         conductivity:

            components:
               xx:   0.45108748E+07
               xy:   0.57331855E+04
               yy:   0.45110439E+07
               xz:   0.56563437E+04
               yz:   0.56574297E+04
               zz:   0.45108034E+07
               yx:   0.57331855E+04
               zx:   0.56563437E+04
               zy:   0.56574297E+04


            tensor:
               - [    0.45108748E+07,    0.57331855E+04,    0.56563437E+04,  ]
               - [    0.57331855E+04,    0.45110439E+07,    0.56574297E+04,  ]
               - [    0.56563437E+04,    0.56574297E+04,    0.45108034E+07,  ]

         mobility:

            components:
               xx:   0.13012674E+06
               xy:   0.16538715E+03
               yy:   0.13013162E+06
               xz:   0.16317047E+03
               yz:   0.16320180E+03
               zz:   0.13012468E+06
               yx:   0.16538715E+03
               zx:   0.16317047E+03
               zy:   0.16320180E+03


            tensor:
               - [    0.13012674E+06,    0.16538715E+03,    0.16317047E+03,  ]
               - [    0.16538715E+03,    0.13013162E+06,    0.16320180E+03,  ]
               - [    0.16317047E+03,    0.16320180E+03,    0.13012468E+06,  ]

         Seebeck coefficient:

            components:
               xx:  -0.95130042E-01
               xy:  -0.40137316E-04
               yy:  -0.95130982E-01
               xz:  -0.37843554E-04
               yz:  -0.39612070E-04
               zz:  -0.95126924E-01
               yx:  -0.40137316E-04
               zx:  -0.37843554E-04
               zy:  -0.39612070E-04


            tensor:
               - [   -0.95130042E-01,   -0.40137316E-04,   -0.37843554E-04,  ]
               - [   -0.40137316E-04,   -0.95130982E-01,   -0.39612070E-04,  ]
               - [   -0.37843554E-04,   -0.39612070E-04,   -0.95126924E-01,  ]

            # Thermal conductivity: not well tested, use with caution

         thermal conductivity:

            components:
               xx:   0.19470429E+02
               xy:   0.17208630E-01
               yy:   0.19470640E+02
               xz:   0.16683854E-01
               yz:   0.17022536E-01
               zz:   0.19469679E+02
               yx:   0.17208630E-01
               zx:   0.16683854E-01
               zy:   0.17022536E-01


            tensor:
               - [    0.19470429E+02,    0.17208630E-01,    0.16683854E-01,  ]
               - [    0.17208630E-01,    0.19470640E+02,    0.17022536E-01,  ]
               - [    0.16683854E-01,    0.17022536E-01,    0.19469679E+02,  ]

         number of iterations:   10

         iteration:

            1:

               conductivity:

                  components:
                     xx:   0.23470440E+07
                     xy:   0.70236901E+03
                     yy:   0.23470749E+07
                     xz:   0.69872873E+03
                     yz:   0.69681612E+03
                     zz:   0.23470465E+07
                     yx:   0.70236901E+03
                     zx:   0.69872873E+03
                     zy:   0.69681612E+03


                  tensor:
                     - [    0.23470440E+07,    0.70236901E+03,    0.69872873E+03,  ]
                     - [    0.70236901E+03,    0.23470749E+07,    0.69681612E+03,  ]
                     - [    0.69872873E+03,    0.69681612E+03,    0.23470465E+07,  ]

            2:

               conductivity:

                  components:
                     xx:   0.34040015E+07
                     xy:   0.21347891E+04
                     yy:   0.34040791E+07
                     xz:   0.21000499E+04
                     yz:   0.20939005E+04
                     zz:   0.34039762E+07
                     yx:   0.21347891E+04
                     zx:   0.21000499E+04
                     zy:   0.20939005E+04


                  tensor:
                     - [    0.34040015E+07,    0.21347891E+04,    0.21000499E+04,  ]
                     - [    0.21347891E+04,    0.34040791E+07,    0.20939005E+04,  ]
                     - [    0.21000499E+04,    0.20939005E+04,    0.34039762E+07,  ]

            3:

               conductivity:

                  components:
                     xx:   0.39535592E+07
                     xy:   0.33523747E+04
                     yy:   0.39536658E+07
                     xz:   0.33031490E+04
                     yz:   0.32978956E+04
                     zz:   0.39535221E+07
                     yx:   0.33523747E+04
                     zx:   0.33031490E+04
                     zy:   0.32978956E+04


                  tensor:
                     - [    0.39535592E+07,    0.33523747E+04,    0.33031490E+04,  ]
                     - [    0.33523747E+04,    0.39536658E+07,    0.32978956E+04,  ]
                     - [    0.33031490E+04,    0.32978956E+04,    0.39535221E+07,  ]

            4:

               conductivity:

                  components:
                     xx:   0.42267526E+07
                     xy:   0.42615501E+04
                     yy:   0.42268840E+07
                     xz:   0.42014106E+04
                     yz:   0.41976387E+04
                     zz:   0.42267031E+07
                     yx:   0.42615501E+04
                     zx:   0.42014106E+04
                     zy:   0.41976387E+04


                  tensor:
                     - [    0.42267526E+07,    0.42615501E+04,    0.42014106E+04,  ]
                     - [    0.42615501E+04,    0.42268840E+07,    0.41976387E+04,  ]
                     - [    0.42014106E+04,    0.41976387E+04,    0.42267031E+07,  ]

            5:

               conductivity:

                  components:
                     xx:   0.43685885E+07
                     xy:   0.48574395E+04
                     yy:   0.43687354E+07
                     xz:   0.47904932E+04
                     yz:   0.47881221E+04
                     zz:   0.43685310E+07
                     yx:   0.48574395E+04
                     zx:   0.47904932E+04
                     zy:   0.47881221E+04


                  tensor:
                     - [    0.43685885E+07,    0.48574395E+04,    0.47904932E+04,  ]
                     - [    0.48574395E+04,    0.43687354E+07,    0.47881221E+04,  ]
                     - [    0.47904932E+04,    0.47881221E+04,    0.43685310E+07,  ]

            6:

               conductivity:

                  components:
                     xx:   0.44402182E+07
                     xy:   0.52389739E+04
                     yy:   0.44403749E+07
                     xz:   0.51677018E+04
                     yz:   0.51667087E+04
                     zz:   0.44401549E+07
                     yx:   0.52389739E+04
                     zx:   0.51677018E+04
                     zy:   0.51667087E+04


                  tensor:
                     - [    0.44402182E+07,    0.52389739E+04,    0.51677018E+04,  ]
                     - [    0.52389739E+04,    0.44403749E+07,    0.51667087E+04,  ]
                     - [    0.51677018E+04,    0.51667087E+04,    0.44401549E+07,  ]

            7:

               conductivity:

                  components:
                     xx:   0.44773475E+07
                     xy:   0.54688395E+04
                     yy:   0.44775100E+07
                     xz:   0.53949952E+04
                     yz:   0.53948354E+04
                     zz:   0.44772806E+07
                     yx:   0.54688395E+04
                     zx:   0.53949952E+04
                     zy:   0.53948354E+04


                  tensor:
                     - [    0.44773475E+07,    0.54688395E+04,    0.53949952E+04,  ]
                     - [    0.54688395E+04,    0.44775100E+07,    0.53948354E+04,  ]
                     - [    0.53949952E+04,    0.53948354E+04,    0.44772806E+07,  ]

            8:

               conductivity:

                  components:
                     xx:   0.44961744E+07
                     xy:   0.56069977E+04
                     yy:   0.44963404E+07
                     xz:   0.55315833E+04
                     yz:   0.55320671E+04
                     zz:   0.44961052E+07
                     yx:   0.56069977E+04
                     zx:   0.55315833E+04
                     zy:   0.55320671E+04


                  tensor:
                     - [    0.44961744E+07,    0.56069977E+04,    0.55315833E+04,  ]
                     - [    0.56069977E+04,    0.44963404E+07,    0.55320671E+04,  ]
                     - [    0.55315833E+04,    0.55320671E+04,    0.44961052E+07,  ]

            9:

               conductivity:

                  components:
                     xx:   0.45059234E+07
                     xy:   0.56868391E+04
                     yy:   0.45060914E+07
                     xz:   0.56105285E+04
                     yz:   0.56113694E+04
                     zz:   0.45058529E+07
                     yx:   0.56868391E+04
                     zx:   0.56105285E+04
                     zy:   0.56113694E+04


                  tensor:
                     - [    0.45059234E+07,    0.56868391E+04,    0.56105285E+04,  ]
                     - [    0.56868391E+04,    0.45060914E+07,    0.56113694E+04,  ]
                     - [    0.56105285E+04,    0.56113694E+04,    0.45058529E+07,  ]

            10:

               conductivity:

                  components:
                     xx:   0.45108748E+07
                     xy:   0.57331855E+04
                     yy:   0.45110439E+07
                     xz:   0.56563437E+04
                     yz:   0.56574297E+04
                     zz:   0.45108034E+07
                     yx:   0.57331855E+04
                     zx:   0.56563437E+04
                     zy:   0.56574297E+04


                  tensor:
                     - [    0.45108748E+07,    0.57331855E+04,    0.56563437E+04,  ]
                     - [    0.57331855E+04,    0.45110439E+07,    0.56574297E+04,  ]
                     - [    0.56563437E+04,    0.56574297E+04,    0.45108034E+07,  ]

timings:

   time units: s

   PERTURBO:
      cpu:        17.54022200
      wall:        2.37902808
      calls:         1

   scat_setup:
      cpu:        11.89414300
      wall:        1.60939717
      calls:         1

   set_kq_pair:
      cpu:         2.56256800
      wall:        0.32184601
      calls:         1

   init_eph_wan:
      cpu:         1.00434400
      wall:        0.14305401
      calls:         1

   compute_g2:
      cpu:         7.51020000
      wall:        0.95575309
      calls:         1

   load_eph_g2:
      cpu:         0.53902800
      wall:        0.15231204
      calls:         1
...
